step,il,kind,route_us,readback_us,load_wall_us,pread_us,pread_wall_us,repack_us,placement_us,sync_us,load_other_us,load_hidden_us,compute_us,lookups,hits,misses,n_slots
0,-2,pre,1076,0,0,0,0,0,0,0,0,0,0,0,0,0,0
0,0,dense,5336,0,0,0,0,0,0,0,0,0,0,0,0,0,0
0,1,moe,5311,2,28169,22892,22893,5031,0,0,245,0,1406,0,0,0,16
0,2,moe,3078,2,23497,17099,17101,1955,4211,0,230,0,1044,16,0,16,16
0,3,moe,5164,2,29496,22879,22881,1841,4582,0,192,0,1007,16,0,16,16
0,4,moe,2996,2,26979,20206,20208,1769,4828,0,174,0,1068,16,0,16,16
0,5,moe,3269,2,29202,22317,22317,1810,4922,1,152,0,1027,16,0,16,16
0,6,moe,3738,2,28555,21980,21981,1824,4572,0,178,0,1095,16,0,16,16
0,7,moe,8530,2,27446,21303,21304,1753,4241,0,148,0,1068,15,0,15,15
0,8,moe,3534,2,28487,22312,22314,1812,4176,0,185,0,1283,16,0,16,16
0,9,moe,4207,1,27379,21060,21062,1982,4180,0,155,0,1358,16,0,16,16
0,10,moe,3696,2,27066,20969,20971,1894,4018,0,183,0,1139,15,0,15,15
0,11,moe,5747,1,27140,21368,21368,1765,3838,0,169,0,1444,15,0,15,15
0,12,moe,4718,2,27369,21018,21018,2108,4084,0,159,0,1128,16,0,16,16
0,13,moe,4441,1,27532,21144,21144,1955,4241,0,192,0,1149,16,0,16,16
0,14,moe,6369,1,27668,21093,21094,1980,4433,0,161,0,1341,16,0,16,16
0,15,moe,5632,2,28033,21288,21289,1757,4822,0,165,0,2105,15,0,15,15
0,16,moe,3946,2,28848,22080,22082,1935,4673,0,158,0,2031,16,0,16,16
0,17,moe,4132,3,27877,21183,21183,1780,4741,0,173,0,2142,16,0,16,16
0,18,moe,4480,2,27008,20829,20829,1712,4311,0,156,0,1690,16,0,16,16
0,19,moe,8062,1,24540,18487,18487,1587,4322,0,144,0,1803,15,0,15,15
0,20,moe,4847,2,26465,20289,20289,1727,4290,0,159,0,1795,16,0,16,16
0,21,moe,10995,1,25904,19774,19774,1711,4239,0,180,0,2400,16,0,16,16
0,22,moe,11011,1,22773,16664,16666,1730,4221,0,156,0,2287,16,0,16,16
0,23,moe,833,2,11448,4999,5002,1798,4452,0,196,0,2323,16,0,16,16
0,24,moe,1388,1,11532,5259,5260,1966,4046,0,260,0,3284,16,0,16,16
0,25,moe,1533,2,11138,4900,4902,1848,4214,0,174,0,3401,16,0,16,16
0,26,moe,939,0,5872,2635,2638,981,2108,0,145,0,2019,8,0,8,8
0,-1,epi,0,0,0,0,0,0,0,0,4937,0,0,0,0,0,0
1,-2,pre,48,0,0,0,0,0,0,0,0,0,0,0,0,0,0
1,0,dense,2353,0,0,0,0,0,0,0,0,0,0,0,0,0,0
1,1,moe,1209,2,19230,14609,14609,1466,3018,0,137,0,2722,12,0,12,12
1,2,moe,1435,1,21298,15997,15997,1661,3464,0,176,0,3035,14,0,14,14
1,3,moe,902,1,23688,18624,18624,1588,3327,0,149,0,3332,14,0,14,14
1,4,moe,1222,2,26871,21013,21014,1870,3839,0,148,0,3762,16,1,15,16
1,5,moe,1449,1,24619,17575,17576,3379,3522,0,142,0,2716,14,0,14,14
1,6,moe,1144,1,22184,17684,17685,1409,2946,0,144,0,4918,15,2,13,15
1,7,moe,725,1,22440,17313,17314,1594,3393,0,139,0,3840,15,1,14,15
1,8,moe,1394,1,22810,17472,17473,1633,3553,0,151,0,2815,14,0,14,14
1,9,moe,1203,1,15820,11878,11879,1242,2578,0,121,0,4257,15,4,11,15
1,10,moe,1226,2,14887,11048,11048,1148,2569,0,122,0,5503,15,5,10,15
1,11,moe,663,1,27649,22081,22082,1715,3676,0,176,0,4009,15,0,15,15
1,12,moe,3647,2,19988,15625,15626,1340,2885,0,137,0,8366,15,3,12,15
1,13,moe,3480,2,23735,18777,18777,1548,3283,0,127,0,5812,16,2,14,16
1,14,moe,3219,1,20082,15274,15275,1433,3237,0,137,0,6541,16,3,13,16
1,15,moe,1342,0,23983,18709,18709,1576,3573,0,125,0,4909,15,1,14,15
1,16,moe,2569,1,25363,20229,20230,1591,3390,0,152,0,4672,16,1,15,16
1,17,moe,8140,2,18732,14142,14142,1422,3015,1,152,0,5702,14,1,13,14
1,18,moe,6452,1,27120,21790,21790,1639,3553,0,138,0,6343,15,0,15,15
1,19,moe,5613,1,24733,19757,19759,1497,3349,0,128,0,6008,15,1,14,15
1,20,moe,7290,2,23158,17992,17994,1526,3493,0,145,0,6405,15,1,14,15
1,21,moe,9821,1,20386,16213,16213,1260,2797,0,116,0,4264,16,4,12,16
1,22,moe,8242,2,17563,13758,13760,1167,2516,0,120,0,4125,15,4,11,15
1,23,moe,9684,2,21896,16864,16866,1526,3375,0,129,0,4520,16,2,14,16
1,24,moe,10456,8,15945,12031,12031,1224,2568,0,122,0,4660,14,3,11,14
1,25,moe,6643,1,14040,8694,8695,1657,3548,1,139,0,6062,16,1,15,16
1,26,moe,4953,1,5142,2237,2237,848,1957,0,100,0,4108,8,0,8,8
1,-1,epi,0,0,0,0,0,0,0,0,21777,0,0,0,0,0,0
2,-2,pre,6177,0,0,0,0,0,0,0,0,0,0,0,0,0,0
2,0,dense,108352,1,0,0,0,0,0,0,0,0,0,0,0,0,0
2,1,moe,52301,3,541684,325671,325681,154210,57483,1,4309,0,139736,0,0,0,240
2,2,moe,43137,2,449184,295670,295686,111967,38510,1,3020,0,110065,0,0,0,233
2,3,moe,33928,2,473886,347996,348010,95511,27449,0,2916,0,100127,0,0,0,228
2,4,moe,46930,1,423157,293711,293724,93117,33356,1,2959,0,111242,0,0,0,220
2,5,moe,49619,2,405307,247487,247500,88984,66076,1,2746,0,127891,0,0,0,201
2,6,moe,48697,2,409303,270329,270340,81536,54567,0,2860,0,139846,0,0,0,208
2,7,moe,27877,3,424380,295785,295804,83391,42288,1,2896,0,114067,0,0,0,204
2,8,moe,48774,2,387295,261142,261155,82622,40289,0,3229,0,105947,0,0,0,207
2,9,moe,50196,2,403065,269359,269371,82058,48527,0,3109,0,104787,0,0,0,201
2,10,moe,54365,2,418181,283497,283507,86217,45551,0,2906,0,112514,0,0,0,213
2,11,moe,36443,3,460562,325384,325396,91678,40608,0,2880,0,116353,0,0,0,216
2,12,moe,51137,2,393033,259542,259556,85257,45275,0,2945,0,104067,0,0,0,204
2,13,moe,54427,7,432372,287361,287371,84924,57192,1,2884,0,129333,0,0,0,210
2,14,moe,53102,1,410223,276796,276806,81284,49034,0,3099,0,117919,0,0,0,212
2,15,moe,39664,2,492050,355893,355906,89466,43374,1,3303,0,113585,0,0,0,219
2,16,moe,51642,2,390857,255047,255056,88054,44831,1,2915,0,100882,0,0,0,200
2,17,moe,54760,2,450897,306276,306287,83500,57714,0,3396,0,131769,0,0,0,212
2,18,moe,50013,2,426220,290515,290528,80068,52756,0,2868,0,146861,0,0,0,220
2,19,moe,35546,2,383557,265402,265416,72840,42513,0,2788,0,108028,0,0,0,217
2,20,moe,53168,2,407742,274024,274039,80332,50354,1,3016,0,118651,0,0,0,221
2,21,moe,53454,2,440423,283238,283251,76470,77814,1,2887,0,141465,0,0,0,208
2,22,moe,52606,1,470216,278960,278970,106246,81822,1,3177,0,138536,0,0,0,210
2,23,moe,34113,2,466786,323251,323257,79506,61133,0,2890,0,131918,0,0,0,217
2,24,moe,50938,2,377576,259574,259588,75941,39160,0,2887,0,105383,0,0,0,203
2,25,moe,51058,6,426243,275364,275375,89777,58202,0,2889,0,154917,0,0,0,206
2,26,moe,31680,0,11,0,0,0,0,0,11,0,8,0,0,0,0
2,-1,epi,0,0,0,0,0,0,0,0,5,0,0,0,0,0,0
3,-2,pre,282,0,0,0,0,0,0,0,0,0,0,0,0,0,0
3,0,dense,18663,0,0,0,0,0,0,0,0,0,0,0,0,0,0
3,1,moe,9728,3,43425,26118,26119,3388,13672,0,246,0,4301,26,3,23,26
3,2,moe,10134,2,42336,26155,26156,2801,13143,0,236,0,3708,24,1,23,24
3,3,moe,10502,2,43856,26744,26746,2908,13982,0,220,0,3419,24,0,24,24
3,4,moe,10025,2,31568,18823,18824,2200,10343,0,201,0,3304,17,0,17,17
3,5,moe,10839,2,31741,19057,19057,1991,10502,0,191,0,4043,18,1,17,18
3,6,moe,11073,3,34544,20729,20729,2177,11429,1,208,0,3787,20,1,19,20
3,7,moe,10384,2,51804,23088,23088,2268,26187,0,261,0,4866,22,2,20,22
3,8,moe,14121,2,82285,25909,25914,5899,50054,0,418,0,5887,18,2,16,18
3,9,moe,16551,2,35930,21889,21891,2368,11435,0,236,0,5113,21,3,18,21
3,10,moe,12957,2,46000,22692,22693,2426,20649,0,232,0,8293,25,6,19,25
3,11,moe,14589,2,38016,20991,20995,2034,14734,0,253,0,7505,24,6,18,24
3,12,moe,9925,3,32853,20678,20679,1976,9968,0,230,0,3333,20,1,19,20
3,13,moe,10751,2,36640,23298,23300,2138,10984,1,217,0,3802,22,2,20,22
3,14,moe,9338,1,30580,19094,19095,1913,9380,0,192,0,4136,20,3,17,20
3,15,moe,13374,1,38443,23402,23404,2476,12327,0,236,0,2820,23,2,21,23
3,16,moe,4885,2,43044,26961,26961,2723,13108,0,252,0,1876,24,0,24,24
3,17,moe,4618,2,45038,29848,29851,2595,12336,0,256,0,1899,24,0,24,24
3,18,moe,4687,1,38001,24396,24397,2434,10927,0,243,0,1792,23,1,22,23
3,19,moe,11864,1,40846,26291,26291,2552,11748,0,255,0,1979,25,2,23,25
3,20,moe,7073,2,38003,24582,24585,2489,10688,0,241,0,1776,24,2,22,24
3,21,moe,5720,1,37862,24409,24410,2434,10778,0,240,0,1806,23,1,22,23
3,22,moe,3537,1,38350,26475,26479,2503,9130,1,237,0,2873,25,3,22,25
3,23,moe,6647,1,42350,22549,22553,2768,16768,0,261,0,1900,25,0,25,25
3,24,moe,1028,1,24208,9277,9279,2313,12372,1,243,0,1852,23,3,20,23
3,25,moe,1006,1,22409,7979,7980,2690,11478,0,261,0,1658,25,2,23,25
3,26,moe,2587,1,8531,6494,6494,562,1396,0,79,0,6565,8,3,5,8
3,-1,epi,0,0,0,0,0,0,0,0,61453,0,0,0,0,0,0
4,-2,pre,216,0,0,0,0,0,0,0,0,0,0,0,0,0,0
4,0,dense,1835,0,0,0,0,0,0,0,0,0,0,0,0,0,0
4,1,moe,920,1,11354,7338,7338,643,3276,0,97,0,600,8,2,6,8
4,2,moe,971,1,8591,5404,5405,527,2571,0,88,0,602,8,3,5,8
4,3,moe,730,1,5230,3261,3261,326,1586,0,57,0,588,8,5,3,8
4,4,moe,847,2,6850,4270,4270,446,2064,0,70,0,535,8,4,4,8
4,5,moe,814,2,7134,4521,4522,452,2078,0,82,0,537,8,4,4,8
4,6,moe,782,1,3541,2159,2159,223,1101,0,58,0,561,8,6,2,8
4,7,moe,702,1,1777,1104,1104,110,518,0,45,0,954,8,7,1,8
4,8,moe,784,1,5105,3176,3176,337,1532,0,60,0,554,8,5,3,8
4,9,moe,801,1,5275,3303,3304,327,1583,0,61,0,1959,8,5,3,8
4,10,moe,806,2,5235,3399,3401,333,1441,0,60,0,537,8,5,3,8
4,11,moe,692,1,5251,3273,3273,324,1599,0,55,0,611,8,5,3,8
4,12,moe,795,1,3515,2192,2192,226,1049,0,48,0,1038,8,6,2,8
4,13,moe,802,1,6718,4243,4244,445,1960,0,69,0,541,8,4,4,8
4,14,moe,796,1,6829,4255,4255,464,2042,0,68,0,546,8,4,4,8
4,15,moe,669,1,5324,3341,3342,339,1571,0,72,0,552,8,5,3,8
4,16,moe,790,1,3483,2376,2377,215,845,0,46,0,609,8,6,2,8
4,17,moe,786,1,4480,3369,3369,329,720,0,62,0,534,8,5,3,8
4,18,moe,867,1,3064,2260,2261,210,548,1,44,0,570,8,6,2,8
4,19,moe,684,1,1529,1162,1162,110,213,0,44,0,615,8,7,1,8
4,20,moe,845,1,2969,2208,2208,225,484,0,52,0,636,8,6,2,8
4,21,moe,1565,0,3084,2306,2306,220,507,0,51,0,874,8,6,2,8
4,22,moe,1560,1,2736,2354,2355,223,102,0,56,0,537,8,6,2,8
4,23,moe,685,0,3127,2574,2574,335,154,0,64,0,575,8,5,3,8
4,24,moe,806,1,2027,1281,1282,450,219,0,76,0,628,8,4,4,8
4,25,moe,817,1,1876,1158,1158,445,206,0,67,0,542,8,4,4,8
4,26,moe,737,1,7332,5590,5590,549,1107,0,86,0,1036,8,3,5,8
4,-1,epi,0,0,0,0,0,0,0,0,4973,0,0,0,0,0,0
5,-2,pre,255,0,0,0,0,0,0,0,0,0,0,0,0,0,0
5,0,dense,1681,0,0,0,0,0,0,0,0,0,0,0,0,0,0
5,1,moe,794,2,7338,4582,4582,442,2239,0,75,0,553,8,4,4,8
5,2,moe,889,1,3550,2174,2174,218,1111,0,47,0,1061,8,6,2,8
5,3,moe,723,1,1890,1205,1205,107,537,0,41,0,1109,8,7,1,8
5,4,moe,903,1,1846,1167,1167,113,525,0,41,0,529,8,7,1,8
5,5,moe,803,1,1910,1158,1159,114,603,0,34,0,627,8,7,1,8
5,6,moe,852,1,1908,1154,1154,114,592,0,48,0,551,8,7,1,8
5,7,moe,731,2,1816,1116,1116,113,547,0,40,0,540,8,7,1,8
5,8,moe,799,1,1985,1239,1239,115,595,0,36,0,1044,8,7,1,8
5,9,moe,824,1,3620,2263,2263,231,1079,0,47,0,545,8,6,2,8
5,10,moe,787,1,5278,3323,3324,322,1574,0,58,0,605,8,5,3,8
5,11,moe,702,1,3531,2248,2248,220,1011,1,51,0,547,8,6,2,8
5,12,moe,796,1,3473,2147,2147,217,1057,0,52,0,587,8,6,2,8
5,13,moe,821,1,3554,2243,2243,215,1041,0,55,0,531,8,6,2,8
5,14,moe,796,1,14,0,0,0,0,0,14,0,1059,8,8,0,8
5,15,moe,683,1,1928,1190,1190,114,580,0,44,0,1042,8,7,1,8
5,16,moe,916,1,4725,3233,3234,327,1103,0,61,0,611,8,5,3,8
5,17,moe,835,1,3002,2255,2256,226,472,0,48,0,593,8,6,2,8
5,18,moe,835,0,1474,1128,1129,107,205,0,33,0,563,8,7,1,8
5,19,moe,683,1,2987,2229,2229,225,482,0,51,0,623,8,6,2,8
5,20,moe,838,1,1552,1153,1155,114,246,0,37,0,654,8,7,1,8
5,21,moe,791,1,1536,1091,1091,113,299,0,33,0,606,8,7,1,8
5,22,moe,782,0,1401,1198,1198,114,51,0,38,0,583,8,7,1,8
5,23,moe,694,1,1118,917,918,114,51,0,35,0,531,8,7,1,8
5,24,moe,903,1,18,0,0,0,0,0,18,0,527,8,8,0,8
5,25,moe,798,0,480,289,289,110,49,0,32,0,528,8,7,1,8
5,26,moe,689,0,2979,2257,2257,224,453,0,45,0,1216,8,6,2,8
5,-1,epi,0,0,0,0,0,0,0,0,4997,0,0,0,0,0,0
6,-2,pre,251,0,0,0,0,0,0,0,0,0,0,0,0,0,0
6,0,dense,1655,0,0,0,0,0,0,0,0,0,0,0,0,0,0
6,1,moe,827,1,3800,2438,2438,218,1088,0,56,0,685,8,6,2,8
6,2,moe,798,0,10361,6543,6544,646,3088,0,83,0,550,8,2,6,8
6,3,moe,673,0,5230,3223,3223,329,1623,0,55,0,529,8,5,3,8
6,4,moe,792,1,10391,6451,6452,648,3202,0,89,0,579,8,2,6,8
6,5,moe,797,1,9319,5406,5406,572,3270,0,71,0,543,8,3,5,8
6,6,moe,781,2,5250,3235,3235,335,1625,0,55,0,1064,8,5,3,8
6,7,moe,691,1,8598,5259,5260,564,2707,0,67,0,1044,8,3,5,8
6,8,moe,916,1,8448,5216,5216,537,2620,0,75,0,1078,8,3,5,8
6,9,moe,812,1,8495,5356,5358,530,2536,0,71,0,1125,8,3,5,8
6,10,moe,803,2,6865,4286,4287,433,2082,0,63,0,585,8,4,4,8
6,11,moe,687,0,6907,4241,4241,438,2165,0,63,0,563,8,4,4,8
6,12,moe,815,1,8736,5521,5521,525,2621,0,69,0,573,8,3,5,8
6,13,moe,867,1,8816,5341,5341,570,2832,0,73,0,637,8,3,5,8
6,14,moe,892,1,5363,3304,3305,328,1673,0,57,0,558,8,5,3,8
6,15,moe,761,1,8790,5428,5428,555,2731,0,76,0,563,8,3,5,8
6,16,moe,914,1,5863,4423,4424,436,923,0,80,0,602,8,4,4,8
6,17,moe,822,1,1628,1164,1164,123,307,0,34,0,584,8,7,1,8
6,18,moe,922,1,6082,4370,4370,442,1197,0,73,0,545,8,4,4,8
6,19,moe,718,1,4502,3336,3336,337,771,0,58,0,547,8,5,3,8
6,20,moe,948,1,3013,2225,2225,211,533,0,44,0,564,8,6,2,8
6,21,moe,973,1,3177,2367,2368,229,529,1,50,0,537,8,6,2,8
6,22,moe,956,1,2618,2222,2223,224,103,0,68,0,563,8,6,2,8
6,23,moe,707,0,2166,1778,1778,223,118,0,47,0,623,8,6,2,8
6,24,moe,844,1,2524,1628,1628,573,247,0,76,0,638,8,3,5,8
6,25,moe,808,1,1418,882,883,330,147,0,58,0,551,8,5,3,8
6,26,moe,687,1,7331,5578,5578,569,1116,0,68,0,538,8,3,5,8
6,-1,epi,0,0,0,0,0,0,0,0,5177,0,0,0,0,0,0
7,-2,pre,229,0,0,0,0,0,0,0,0,0,0,0,0,0,0
7,0,dense,1888,0,0,0,0,0,0,0,0,0,0,0,0,0,0
7,1,moe,802,2,11799,7633,7634,773,3293,1,98,0,602,8,1,7,8
7,2,moe,856,0,10884,5989,5990,549,4262,0,83,0,705,8,3,5,8
7,3,moe,745,1,9655,5621,5622,551,3415,0,67,0,704,8,3,5,8
7,4,moe,843,1,6885,4526,4526,323,1979,0,57,0,662,8,5,3,8
7,5,moe,834,2,8140,4589,4590,723,2757,0,70,0,1048,8,4,4,8
7,6,moe,1108,1,5895,3548,3549,358,1924,0,64,0,1638,8,5,3,8
7,7,moe,1020,1,10166,5665,5666,609,3812,0,79,0,845,8,3,5,8
7,8,moe,1093,1,9013,5472,5472,537,2926,0,78,0,1114,8,3,5,8
7,9,moe,892,1,10401,3458,3458,846,6036,0,61,0,762,8,5,3,8
7,10,moe,777,1,10963,6765,6765,672,3436,0,90,0,746,8,2,6,8
7,11,moe,756,0,11148,7425,7426,570,3078,0,74,0,1115,8,3,5,8
7,12,moe,822,1,14381,9111,9111,762,4424,1,83,0,559,8,1,7,8
7,13,moe,791,1,5586,3572,3573,334,1619,0,60,0,1083,8,5,3,8
7,14,moe,785,1,10236,4390,4390,443,5323,0,80,0,676,8,4,4,8
7,15,moe,654,1,11050,6789,6789,666,3520,0,75,0,771,8,2,6,8
7,16,moe,920,1,8879,5452,5453,561,2792,0,73,0,544,8,3,5,8
7,17,moe,850,1,9872,6016,6017,558,3226,0,71,0,888,8,3,5,8
7,18,moe,888,2,4305,3289,3290,328,631,0,56,0,692,8,5,3,8
7,19,moe,699,1,8797,6698,6699,652,1367,0,79,0,719,8,2,6,8
7,20,moe,904,1,5740,4306,4306,445,909,0,80,0,621,8,4,4,8
7,21,moe,794,1,7749,6324,6325,463,895,0,66,0,549,8,4,4,8
7,22,moe,787,1,5271,4510,4510,447,248,0,66,0,605,8,4,4,8
7,23,moe,706,1,5185,4404,4405,426,296,0,58,0,737,8,4,4,8
7,24,moe,892,1,2854,1788,1788,648,336,0,82,0,574,8,2,6,8
7,25,moe,790,1,1794,1089,1089,433,208,0,64,0,532,8,4,4,8
7,26,moe,676,1,5876,4426,4426,436,941,0,73,0,1257,8,4,4,8
7,-1,epi,0,0,0,0,0,0,0,0,4912,0,0,0,0,0,0
8,-2,pre,221,0,0,0,0,0,0,0,0,0,0,0,0,0,0
8,0,dense,1623,0,0,0,0,0,0,0,0,0,0,0,0,0,0
8,1,moe,935,1,8870,7639,7640,793,349,0,88,0,531,8,1,7,8
8,2,moe,810,1,4344,3356,3356,327,602,0,59,0,558,8,5,3,8
8,3,moe,689,0,8609,5476,5476,556,2502,0,75,0,537,8,3,5,8
8,4,moe,789,1,11795,5456,5457,561,5708,0,69,0,746,8,3,5,8
8,5,moe,792,1,7105,4490,4490,341,2216,0,58,0,860,8,5,3,8
8,6,moe,832,0,11409,5997,5997,632,4702,0,78,0,773,8,3,5,8
8,7,moe,862,1,6466,3348,3348,353,2695,0,70,0,579,8,5,3,8
8,8,moe,831,0,12374,6394,6394,565,5340,0,75,0,709,8,3,5,8
8,9,moe,768,1,5845,3243,3243,337,2209,1,55,0,779,8,5,3,8
8,10,moe,827,1,9568,6623,6623,705,2151,0,89,0,787,8,2,6,8
8,11,moe,796,1,4188,2825,2826,213,1103,0,46,0,653,8,6,2,8
8,12,moe,804,1,12309,5449,5450,579,6206,0,74,0,740,8,3,5,8
8,13,moe,784,0,7832,4843,4843,353,2582,0,54,0,679,8,5,3,8
8,14,moe,872,1,6504,3166,3167,361,2916,0,60,0,763,8,5,3,8
8,15,moe,713,1,7829,2237,2237,223,5297,1,71,0,1079,8,6,2,8
8,16,moe,943,1,10953,6946,6947,681,3249,0,76,0,718,8,2,6,8
8,17,moe,874,1,10969,3250,3250,377,7288,0,54,0,637,8,5,3,8
8,18,moe,792,1,2580,1126,1126,106,1311,0,37,0,831,8,7,1,8
8,19,moe,756,1,1629,1254,1254,107,231,0,37,0,572,8,7,1,8
8,20,moe,831,1,1506,1144,1145,112,212,0,37,0,532,8,7,1,8
8,21,moe,796,0,2958,2223,2224,220,471,0,43,0,544,8,6,2,8
8,22,moe,790,0,4705,3723,3723,313,613,0,56,0,735,8,5,3,8
8,23,moe,1081,0,13,0,0,0,0,0,13,0,543,8,8,0,8
8,24,moe,4896,1,2380,1656,1656,338,329,0,57,0,531,8,5,3,8
8,25,moe,798,2,480,287,287,111,50,0,32,0,560,8,7,1,8
8,26,moe,716,1,4425,3308,3309,345,719,0,52,0,1132,8,5,3,8
8,-1,epi,0,0,0,0,0,0,0,0,3829,0,0,0,0,0,0
9,-2,pre,223,0,0,0,0,0,0,0,0,0,0,0,0,0,0
9,0,dense,1647,0,0,0,0,0,0,0,0,0,0,0,0,0,0
9,1,moe,813,1,7124,6028,6028,545,476,0,75,0,571,8,3,5,8
9,2,moe,800,1,4221,3676,3676,333,154,0,58,0,535,8,5,3,8
9,3,moe,690,1,5970,3398,3398,337,2178,0,57,0,534,8,5,3,8
9,4,moe,824,1,5311,3213,3213,331,1714,0,53,0,1073,8,5,3,8
9,5,moe,809,1,9834,6318,6318,547,2908,0,61,0,574,8,3,5,8
9,6,moe,792,0,6845,2321,2321,226,4243,0,55,0,1006,8,6,2,8
9,7,moe,736,0,10505,6524,6525,697,3203,0,80,0,677,8,2,6,8
9,8,moe,887,0,1820,1137,1137,112,537,0,34,0,1567,8,7,1,8
9,9,moe,917,0,3725,2221,2221,235,1218,0,51,0,724,8,6,2,8
9,10,moe,928,2,5389,4269,4269,421,634,0,65,0,620,8,4,4,8
9,11,moe,683,1,6368,4315,4316,435,1556,0,61,0,540,8,4,4,8
9,12,moe,794,2,11344,5565,5565,575,5133,0,71,0,761,8,3,5,8
9,13,moe,796,1,6030,3263,3264,325,2390,0,51,0,833,8,5,3,8
9,14,moe,922,0,6154,3278,3278,334,2484,0,58,0,656,8,5,3,8
9,15,moe,689,1,3647,2313,2314,235,1047,0,51,0,549,8,6,2,8
9,16,moe,813,1,6260,5397,5397,543,252,0,68,0,936,8,3,5,8
9,17,moe,964,0,7642,4273,4273,444,2864,0,61,0,752,8,4,4,8
9,18,moe,835,1,5822,3262,3262,329,2171,0,60,0,672,8,5,3,8
9,19,moe,666,0,3788,2284,2284,234,1221,0,49,0,714,8,6,2,8
9,20,moe,823,1,5232,3192,3192,327,1661,0,52,0,576,8,5,3,8
9,21,moe,791,1,6415,4994,4995,453,907,1,59,0,537,8,4,4,8
9,22,moe,791,1,4391,3314,3314,335,690,0,52,0,557,8,5,3,8
9,23,moe,692,1,4365,3226,3226,337,746,0,56,0,652,8,5,3,8
9,24,moe,1556,0,4116,3210,3210,332,514,0,60,0,826,8,5,3,8
9,25,moe,870,1,1378,848,848,328,148,0,54,0,537,8,5,3,8
9,26,moe,671,1,9691,5443,5443,568,3598,0,82,0,1142,8,3,5,8
9,-1,epi,0,0,0,0,0,0,0,0,4978,0,0,0,0,0,0
10,-2,pre,240,0,0,0,0,0,0,0,0,0,0,0,0,0,0
10,0,dense,1578,1,0,0,0,0,0,0,0,0,0,0,0,0,0
10,1,moe,801,0,4575,3772,3774,332,389,0,80,0,795,8,5,3,8
10,2,moe,894,1,5208,4260,4260,433,439,0,76,0,574,8,4,4,8
10,3,moe,789,1,4400,3846,3846,337,152,1,64,0,530,8,5,3,8
10,4,moe,786,1,3804,2327,2327,225,1208,0,44,0,549,8,6,2,8
10,5,moe,820,1,4240,2128,2128,227,1834,1,50,0,533,8,6,2,8
10,6,moe,799,0,7562,4794,4794,447,2261,0,60,0,575,8,4,4,8
10,7,moe,688,1,3466,3086,3087,230,101,1,47,0,594,8,6,2,8
10,8,moe,802,1,4108,2149,2149,227,1682,0,50,0,528,8,6,2,8
10,9,moe,792,0,5392,4323,4323,349,665,0,55,0,564,8,5,3,8
10,10,moe,861,1,6388,5257,5257,448,622,0,61,0,559,8,4,4,8
10,11,moe,701,0,2561,2165,2165,241,104,1,50,0,634,8,6,2,8
10,12,moe,802,1,4797,4248,4248,338,154,0,57,0,568,8,5,3,8
10,13,moe,834,1,3883,3029,3029,225,582,0,47,0,535,8,6,2,8
10,14,moe,794,0,10732,3504,3504,351,6818,0,59,0,798,8,5,3,8
10,15,moe,851,1,3197,2273,2274,229,639,0,55,0,783,8,6,2,8
10,16,moe,788,1,2837,2448,2448,237,105,0,47,0,822,8,6,2,8
10,17,moe,871,1,1851,1124,1125,110,575,0,41,0,659,8,7,1,8
10,18,moe,780,1,5961,3323,3324,350,2230,0,57,0,699,8,5,3,8
10,19,moe,726,1,8193,2258,2258,237,5631,1,66,0,1050,8,6,2,8
10,20,moe,998,1,1864,1142,1143,113,562,0,46,0,809,8,7,1,8
10,21,moe,816,1,5738,3474,3474,345,1857,0,62,0,750,8,5,3,8
10,22,moe,924,1,3000,2457,2457,211,282,0,50,0,904,8,6,2,8
10,23,moe,677,0,1528,1102,1102,121,271,0,34,0,1117,8,7,1,8
10,24,moe,829,1,2611,2241,2241,216,107,0,47,0,642,8,6,2,8
10,25,moe,1484,0,1719,1039,1040,420,192,0,67,0,635,8,4,4,8
10,26,moe,698,0,1955,1180,1180,117,622,0,36,0,591,8,7,1,8
10,-1,epi,0,0,0,0,0,0,0,0,4915,0,0,0,0,0,0
11,-2,pre,227,0,0,0,0,0,0,0,0,0,0,0,0,0,0
11,0,dense,1576,0,0,0,0,0,0,0,0,0,0,0,0,0,0
11,1,moe,839,1,4041,3479,3479,345,152,0,65,0,766,8,5,3,8
11,2,moe,758,1,2544,2178,2178,221,107,0,38,0,828,8,6,2,8
11,3,moe,795,1,5172,4449,4450,450,210,0,62,0,673,8,4,4,8
11,4,moe,787,1,3514,2162,2162,220,1091,1,40,0,776,8,6,2,8
11,5,moe,810,1,1873,1183,1183,105,551,0,34,0,589,8,7,1,8
11,6,moe,790,0,1827,1132,1132,110,557,0,28,0,888,8,7,1,8
11,7,moe,688,0,2534,2169,2169,219,101,0,45,0,548,8,6,2,8
11,8,moe,794,1,2797,2248,2248,224,284,0,41,0,535,8,6,2,8
11,9,moe,793,1,3052,2280,2281,220,508,0,43,0,543,8,6,2,8
11,10,moe,795,1,522,325,325,109,48,0,40,0,577,8,7,1,8
11,11,moe,685,0,3460,3098,3098,218,101,0,43,0,532,8,6,2,8
11,12,moe,788,0,2566,2207,2207,219,101,0,39,0,563,8,6,2,8
11,13,moe,793,1,1313,1102,1102,117,55,0,39,0,912,8,7,1,8
11,14,moe,790,0,1839,1165,1165,108,529,0,37,0,533,8,7,1,8
11,15,moe,686,1,1362,1162,1162,122,51,0,27,0,549,8,7,1,8
11,16,moe,801,1,1398,1195,1196,115,53,0,34,0,609,8,7,1,8
11,17,moe,870,1,3179,2285,2285,223,628,0,43,0,525,8,6,2,8
11,18,moe,789,1,6286,4416,4416,343,1464,0,63,0,545,8,5,3,8
11,19,moe,685,0,3783,3221,3221,345,162,0,55,0,736,8,5,3,8
11,20,moe,804,0,3374,2174,2175,217,938,0,44,0,534,8,6,2,8
11,21,moe,791,1,3255,2348,2348,222,641,0,44,0,546,8,6,2,8
11,22,moe,808,1,3004,2200,2200,227,524,0,53,0,543,8,6,2,8
11,23,moe,676,0,1520,1092,1092,110,291,0,27,0,595,8,7,1,8
11,24,moe,886,1,17,0,0,0,0,0,17,0,648,8,8,0,8
11,25,moe,4559,1,841,444,445,120,242,0,34,0,852,8,7,1,8
11,26,moe,687,1,13,0,0,0,0,0,13,0,556,8,8,0,8
11,-1,epi,0,0,0,0,0,0,0,0,4977,0,0,0,0,0,0
12,-2,pre,217,0,0,0,0,0,0,0,0,0,0,0,0,0,0
12,0,dense,1687,0,0,0,0,0,0,0,0,0,0,0,0,0,0
12,1,moe,803,1,6505,5607,5607,573,252,0,73,0,579,8,3,5,8
12,2,moe,867,1,2567,2205,2205,218,101,0,43,0,544,8,6,2,8
12,3,moe,676,0,2793,2413,2413,231,101,0,48,0,547,8,6,2,8
12,4,moe,866,0,3847,3303,3303,329,148,0,67,0,535,8,5,3,8
12,5,moe,795,0,4325,3437,3437,223,620,0,45,0,577,8,6,2,8
12,6,moe,873,1,1848,1158,1158,111,539,0,40,0,532,8,7,1,8
12,7,moe,689,1,4425,3866,3866,344,157,0,58,0,581,8,5,3,8
12,8,moe,797,1,16,0,0,0,0,0,16,0,523,8,8,0,8
12,9,moe,894,0,527,311,311,115,62,0,39,0,546,8,7,1,8
12,10,moe,789,1,3169,2621,2621,337,153,0,58,0,564,8,5,3,8
12,11,moe,688,0,1341,1144,1144,112,52,0,33,0,541,8,7,1,8
12,12,moe,784,0,12,0,0,0,0,0,12,0,567,8,8,0,8
12,13,moe,795,1,1340,1146,1146,113,51,0,30,0,531,8,7,1,8
12,14,moe,787,0,11,0,0,0,0,0,11,0,525,8,8,0,8
12,15,moe,704,0,1877,1488,1489,239,108,0,41,0,533,8,6,2,8
12,16,moe,812,1,2999,2481,2481,321,142,0,55,0,559,8,5,3,8
12,17,moe,786,0,4089,3544,3545,341,149,0,54,0,549,8,5,3,8
12,18,moe,782,0,3977,3166,3167,226,543,0,41,0,527,8,6,2,8
12,19,moe,687,0,1376,1183,1183,110,49,0,34,0,542,8,7,1,8
12,20,moe,803,1,6846,4569,4569,435,1779,0,63,0,557,8,4,4,8
12,21,moe,916,1,3975,3397,3397,326,188,0,64,0,587,8,5,3,8
12,22,moe,829,1,5174,4417,4418,450,234,0,72,0,2093,8,4,4,8
12,23,moe,723,1,5831,4320,4320,424,1031,0,56,0,619,8,4,4,8
12,24,moe,840,1,8028,6743,6744,655,545,0,84,0,612,8,2,6,8
12,25,moe,858,1,4004,3428,3429,364,155,0,56,0,714,8,5,3,8
12,26,moe,1107,1,1810,1112,1112,110,556,0,32,0,1423,8,7,1,8
12,-1,epi,0,0,0,0,0,0,0,0,5055,0,0,0,0,0,0
13,-2,pre,221,0,0,0,0,0,0,0,0,0,0,0,0,0,0
13,0,dense,2008,1,0,0,0,0,0,0,0,0,0,0,0,0,0
13,1,moe,966,0,3546,2818,2818,457,198,0,73,0,571,8,4,4,8
13,2,moe,1026,1,1492,1273,1273,115,65,0,39,0,603,8,7,1,8
13,3,moe,746,1,4505,4080,4081,228,122,0,74,0,551,8,6,2,8
13,4,moe,1004,1,1840,1447,1447,228,104,0,61,0,541,8,6,2,8
13,5,moe,934,1,674,281,281,111,248,0,34,0,549,8,7,1,8
13,6,moe,962,0,5289,5088,5088,112,54,0,35,0,546,8,7,1,8
13,7,moe,782,0,6478,5889,5890,378,157,0,53,0,621,8,5,3,8
13,8,moe,1002,1,11819,10870,10870,459,415,0,75,0,542,8,4,4,8
13,9,moe,936,1,3096,2549,2549,340,153,0,54,0,575,8,5,3,8
13,10,moe,995,1,1840,1464,1465,223,102,0,50,0,669,8,6,2,8
13,11,moe,697,1,5601,4818,4818,344,378,0,61,0,548,8,5,3,8
13,12,moe,1046,1,1837,1464,1465,218,105,1,48,0,566,8,6,2,8
13,13,moe,946,0,1340,1145,1145,110,51,0,34,0,537,8,7,1,8
13,14,moe,810,1,4677,2208,2208,222,2201,0,46,0,527,8,6,2,8
13,15,moe,839,1,1334,1140,1140,110,51,0,33,0,537,8,7,1,8
13,16,moe,801,1,5686,4981,4981,447,198,0,60,0,537,8,4,4,8
13,17,moe,882,1,6206,5501,5501,441,193,0,71,0,608,8,4,4,8
13,18,moe,917,1,8096,7369,7369,456,201,0,70,0,583,8,4,4,8
13,19,moe,743,1,3889,3371,3372,317,142,0,58,0,571,8,5,3,8
13,20,moe,804,1,2662,2267,2267,229,118,0,48,0,584,8,6,2,8
13,21,moe,952,1,4085,3420,3420,403,198,0,64,0,539,8,5,3,8
13,22,moe,802,1,6166,4373,4373,478,1253,0,62,0,1072,8,4,4,8
13,23,moe,691,0,1332,1130,1130,111,58,0,33,0,3937,8,7,1,8
13,24,moe,1112,0,3084,2424,2424,296,286,0,78,0,555,8,6,2,8
13,25,moe,812,1,1965,1585,1585,233,101,0,46,0,677,8,6,2,8
13,26,moe,737,1,5131,3737,3737,120,1230,0,44,0,720,8,7,1,8
13,-1,epi,0,0,0,0,0,0,0,0,5264,0,0,0,0,0,0
14,-2,pre,237,0,0,0,0,0,0,0,0,0,0,0,0,0,0
14,0,dense,2648,0,0,0,0,0,0,0,0,0,0,0,0,0,0
14,1,moe,1357,1,5187,4113,4113,631,368,0,75,0,617,8,3,5,8
14,2,moe,874,1,2764,2369,2369,233,106,0,56,0,573,8,6,2,8
14,3,moe,704,1,2610,2194,2194,242,129,0,45,0,573,8,6,2,8
14,4,moe,926,1,6303,5751,5751,340,154,0,58,0,550,8,5,3,8
14,5,moe,937,1,1414,1200,1201,116,52,0,45,0,590,8,7,1,8
14,6,moe,928,1,19,0,0,0,0,0,19,0,553,8,8,0,8
14,7,moe,734,1,1358,1163,1163,111,50,0,34,0,540,8,7,1,8
14,8,moe,796,0,4736,4185,4185,338,161,0,52,0,659,8,5,3,8
14,9,moe,860,1,566,359,359,114,52,0,41,0,557,8,7,1,8
14,10,moe,794,1,5033,4463,4464,347,170,0,52,0,623,8,5,3,8
14,11,moe,707,1,1354,1158,1159,109,50,0,36,0,670,8,7,1,8
14,12,moe,807,1,2502,2136,2136,218,105,1,42,0,542,8,6,2,8
14,13,moe,788,1,2558,2188,2188,225,103,0,42,0,587,8,6,2,8
14,14,moe,863,1,13,0,0,0,0,0,13,0,614,8,8,0,8
14,15,moe,758,1,1368,1127,1127,111,51,0,79,0,540,8,7,1,8
14,16,moe,793,0,1840,1444,1444,255,101,0,40,0,577,8,6,2,8
14,17,moe,826,0,1354,1151,1151,115,50,0,38,0,631,8,7,1,8
14,18,moe,869,1,1320,1126,1126,109,50,0,35,0,546,8,7,1,8
14,19,moe,681,1,3774,3235,3235,340,148,0,51,0,562,8,5,3,8
14,20,moe,822,0,2649,2245,2246,215,132,0,56,0,530,8,6,2,8
14,21,moe,788,1,1313,1109,1109,110,65,0,29,0,578,8,7,1,8
14,22,moe,825,1,2440,1719,1719,109,575,0,37,0,572,8,7,1,8
14,23,moe,716,1,2610,2221,2221,220,118,1,50,0,1000,8,6,2,8
14,24,moe,794,0,5933,4944,4944,221,719,0,49,0,2020,8,6,2,8
14,25,moe,814,0,2132,1777,1777,216,100,0,39,0,731,8,6,2,8
14,26,moe,760,0,3333,1162,1162,115,2022,0,34,0,600,8,7,1,8
14,-1,epi,0,0,0,0,0,0,0,0,4876,0,0,0,0,0,0
15,-2,pre,220,0,0,0,0,0,0,0,0,0,0,0,0,0,0
15,0,dense,1700,0,0,0,0,0,0,0,0,0,0,0,0,0,0
15,1,moe,847,1,5980,4245,4245,562,1096,0,77,0,780,8,3,5,8
15,2,moe,1448,1,2062,1433,1433,224,352,0,53,0,635,8,6,2,8
15,3,moe,750,1,4685,3557,3558,448,617,0,62,0,584,8,4,4,8
15,4,moe,878,1,1421,1225,1225,110,49,0,37,0,559,8,7,1,8
15,5,moe,828,1,1368,1171,1171,108,50,0,39,0,566,8,7,1,8
15,6,moe,787,0,7375,6830,6830,343,149,0,53,0,560,8,5,3,8
15,7,moe,675,0,469,276,276,110,50,0,33,0,537,8,7,1,8
15,8,moe,792,1,1879,1434,1434,224,173,1,47,0,665,8,6,2,8
15,9,moe,886,1,2752,2349,2349,225,104,0,74,0,534,8,6,2,8
15,10,moe,901,0,2004,1576,1576,223,156,0,49,0,543,8,6,2,8
15,11,moe,692,1,13,0,0,0,0,0,13,0,548,8,8,0,8
15,12,moe,829,1,4463,3713,3714,446,243,0,60,0,686,8,4,4,8
15,13,moe,798,1,5716,4817,4817,572,253,0,74,0,558,8,3,5,8
15,14,moe,825,1,9192,8271,8271,450,403,0,68,0,556,8,4,4,8
15,15,moe,685,0,6222,5474,5474,487,198,0,63,0,566,8,4,4,8
15,16,moe,843,1,3200,2599,2599,365,155,0,81,0,545,8,5,3,8
15,17,moe,786,1,7798,7248,7248,345,147,0,58,0,539,8,5,3,8
15,18,moe,794,1,5018,4455,4455,349,152,0,62,0,584,8,5,3,8
15,19,moe,682,0,4794,4224,4224,348,162,0,60,0,576,8,5,3,8
15,20,moe,816,0,2734,2331,2331,223,127,0,53,0,577,8,6,2,8
15,21,moe,819,1,7182,5234,5236,326,1564,0,56,0,760,8,5,3,8
15,22,moe,1051,1,8963,5902,5903,567,2411,0,82,0,1174,8,3,5,8
15,23,moe,681,0,5319,4713,4713,326,226,0,54,0,1120,8,5,3,8
15,24,moe,861,1,7503,4894,4894,428,2113,0,68,0,575,8,4,4,8
15,25,moe,809,0,11160,5670,5670,573,4846,0,71,0,539,8,3,5,8
15,26,moe,2253,0,9495,5609,5609,609,3192,0,85,0,561,8,3,5,8
15,-1,epi,0,0,0,0,0,0,0,0,5093,0,0,0,0,0,0
16,-2,pre,283,0,0,0,0,0,0,0,0,0,0,0,0,0,0
16,0,dense,2915,1,0,0,0,0,0,0,0,0,0,0,0,0,0
16,1,moe,4933,1,6526,4915,4916,554,984,0,72,0,783,8,3,5,8
16,2,moe,850,1,4768,3853,3853,444,398,0,73,0,874,8,4,4,8
16,3,moe,1197,0,5493,4288,4288,432,703,0,70,0,884,8,4,4,8
16,4,moe,1525,1,4010,3297,3297,384,263,0,66,0,609,8,5,3,8
16,5,moe,805,0,6555,5673,5674,564,247,0,70,0,639,8,3,5,8
16,6,moe,988,1,6892,5752,5752,575,487,0,78,0,563,8,3,5,8
16,7,moe,840,1,7347,5984,5984,740,529,1,93,0,587,8,2,6,8
16,8,moe,938,1,5294,4362,4362,434,430,0,68,0,576,8,4,4,8
16,9,moe,808,0,4016,3481,3481,332,148,0,55,0,542,8,5,3,8
16,10,moe,953,1,7321,5998,5999,681,551,0,90,0,633,8,2,6,8
16,11,moe,686,1,6326,5465,5465,532,261,0,68,0,682,8,3,5,8
16,12,moe,914,2,8717,7607,7608,692,332,0,85,0,676,8,2,6,8
16,13,moe,957,1,6605,5753,5753,545,237,0,70,0,687,8,3,5,8
16,14,moe,911,1,10495,9363,9363,584,473,0,75,0,644,8,3,5,8
16,15,moe,680,1,8137,7272,7272,549,242,0,74,0,594,8,3,5,8
16,16,moe,915,0,4882,4353,4353,325,147,0,57,0,549,8,5,3,8
16,17,moe,818,1,6085,5365,5365,454,193,0,73,0,674,8,4,4,8
16,18,moe,803,1,3938,3374,3374,344,164,0,56,0,728,8,5,3,8
16,19,moe,716,1,3981,3410,3410,342,172,0,57,0,544,8,5,3,8
16,20,moe,832,0,5882,4591,4591,457,741,0,93,0,545,8,4,4,8
16,21,moe,1063,1,9027,5284,5285,445,3214,0,83,0,730,8,4,4,8
16,22,moe,807,1,1375,1166,1166,109,64,0,36,0,1077,8,7,1,8
16,23,moe,699,1,4298,2688,2688,235,1331,0,44,0,539,8,6,2,8
16,24,moe,1047,1,16912,12018,12018,673,4126,0,95,0,576,8,2,6,8
16,25,moe,920,1,5485,2362,2362,216,2853,0,54,0,1722,8,6,2,8
16,26,moe,3568,1,10524,6982,6982,548,2907,0,87,0,1024,8,3,5,8
16,-1,epi,0,0,0,0,0,0,0,0,5065,0,0,0,0,0,0
17,-2,pre,237,0,0,0,0,0,0,0,0,0,0,0,0,0,0
17,0,dense,1749,0,0,0,0,0,0,0,0,0,0,0,0,0,0
17,1,moe,968,1,8565,5218,5220,542,2719,0,84,0,1644,8,3,5,8
17,2,moe,4995,1,4826,3299,3299,328,1137,0,62,0,2194,8,5,3,8
17,3,moe,8042,1,5304,4938,4938,223,101,0,42,0,826,8,6,2,8
17,4,moe,3043,1,1261,1065,1066,107,49,0,39,0,807,8,7,1,8
17,5,moe,10047,0,1348,1132,1132,111,60,0,45,0,924,8,7,1,8
17,6,moe,5452,0,1435,1050,1050,103,244,0,38,0,1095,8,7,1,8
17,7,moe,10401,1,3309,2962,2962,208,98,0,41,0,828,8,6,2,8
17,8,moe,1435,1,4568,3854,3855,438,212,0,63,0,711,8,4,4,8
17,9,moe,867,1,4778,3486,3487,419,811,0,61,0,694,8,4,4,8
17,10,moe,763,1,2520,2150,2150,214,119,0,37,0,733,8,6,2,8
17,11,moe,701,1,12,0,0,0,0,0,12,0,556,8,8,0,8
17,12,moe,805,0,2562,2180,2180,226,114,0,42,0,613,8,6,2,8
17,13,moe,794,0,3023,2484,2484,333,152,0,54,0,577,8,5,3,8
17,14,moe,893,1,1430,1224,1224,113,51,0,42,0,541,8,7,1,8
17,15,moe,692,1,2780,2220,2220,231,287,0,42,0,540,8,6,2,8
17,16,moe,785,0,1449,1252,1252,113,53,0,31,0,588,8,7,1,8
17,17,moe,871,1,4361,3770,3770,351,148,0,92,0,547,8,5,3,8
17,18,moe,784,1,4551,4167,4167,235,100,0,49,0,566,8,6,2,8
17,19,moe,683,1,5156,4807,4808,210,96,0,42,0,576,8,6,2,8
17,20,moe,786,1,2965,2421,2421,332,154,0,58,0,548,8,5,3,8
17,21,moe,809,0,9602,6149,6150,230,3175,0,47,0,624,8,6,2,8
17,22,moe,899,1,10766,6039,6039,578,4072,0,77,0,539,8,3,5,8
17,23,moe,674,0,3579,2244,2244,229,1057,0,49,0,550,8,6,2,8
17,24,moe,819,1,4035,3474,3474,334,165,0,62,0,539,8,5,3,8
17,25,moe,789,1,9113,3299,3299,342,5416,0,56,0,562,8,5,3,8
17,26,moe,694,0,9787,7978,7978,560,1178,0,71,0,543,8,3,5,8
17,-1,epi,0,0,0,0,0,0,0,0,4985,0,0,0,0,0,0
18,-2,pre,281,0,0,0,0,0,0,0,0,0,0,0,0,0,0
18,0,dense,1669,0,0,0,0,0,0,0,0,0,0,0,0,0,0
18,1,moe,804,1,11685,7160,7160,567,3887,0,71,0,546,8,3,5,8
18,2,moe,811,1,1441,1235,1235,117,50,0,39,0,2089,8,7,1,8
18,3,moe,774,0,2821,2424,2424,224,105,1,67,0,550,8,6,2,8
18,4,moe,889,0,7673,5769,5769,455,1377,0,72,0,562,8,4,4,8
18,5,moe,792,1,3149,2229,2230,233,636,0,50,0,3615,8,6,2,8
18,6,moe,813,0,5099,4191,4191,328,510,0,70,0,555,8,5,3,8
18,7,moe,6203,0,2761,2184,2184,226,301,1,49,0,661,8,6,2,8
18,8,moe,3401,1,4623,3175,3175,546,830,0,72,0,636,8,3,5,8
18,9,moe,5138,0,2763,2253,2254,219,245,0,45,0,604,8,6,2,8
18,10,moe,4712,1,2562,2171,2171,223,120,0,48,0,572,8,6,2,8
18,11,moe,686,1,7932,7346,7346,340,168,0,78,0,555,8,5,3,8
18,12,moe,806,1,7992,6834,6834,729,349,0,80,0,547,8,2,6,8
18,13,moe,794,1,4311,3549,3551,472,216,0,72,0,649,8,4,4,8
18,14,moe,1211,1,2926,2332,2332,227,315,0,52,0,550,8,6,2,8
18,15,moe,691,0,7375,6563,6564,536,209,0,66,0,624,8,4,4,8
18,16,moe,807,1,4705,3639,3639,692,289,0,85,0,646,8,2,6,8
18,17,moe,862,1,10680,9803,9804,545,239,0,92,0,685,8,3,5,8
18,18,moe,970,1,3626,2930,2930,431,197,0,68,0,609,8,4,4,8
18,19,moe,800,1,4087,3547,3547,329,150,0,61,0,575,8,5,3,8
18,20,moe,976,1,1316,1121,1121,111,50,0,34,0,567,8,7,1,8
18,21,moe,789,1,1388,1193,1193,110,48,0,37,0,661,8,7,1,8
18,22,moe,838,1,5712,5188,5189,323,148,0,52,0,618,8,5,3,8
18,23,moe,685,0,8893,3250,3250,371,5208,0,64,0,568,8,5,3,8
18,24,moe,835,1,3827,3216,3216,355,154,0,102,0,661,8,5,3,8
18,25,moe,1014,1,3769,2334,2334,213,1150,0,72,0,587,8,6,2,8
18,26,moe,823,1,3318,2920,2920,233,109,0,56,0,763,8,6,2,8
18,-1,epi,0,0,0,0,0,0,0,0,5053,0,0,0,0,0,0
19,-2,pre,58,0,0,0,0,0,0,0,0,0,0,0,0,0,0
19,0,dense,1699,0,0,0,0,0,0,0,0,0,0,0,0,0,0
19,1,moe,831,1,2775,2386,2387,227,110,0,51,0,551,8,6,2,8
19,2,moe,798,0,8972,8391,8392,364,154,0,62,0,1159,8,5,3,8
19,3,moe,683,1,1331,1138,1138,108,50,0,35,0,695,8,7,1,8
19,4,moe,926,1,3625,3082,3083,328,145,0,69,0,565,8,5,3,8
19,5,moe,801,1,4812,3693,3693,345,720,0,54,0,1596,8,5,3,8
19,6,moe,859,1,4259,3453,3454,337,411,0,57,0,1098,8,5,3,8
19,7,moe,777,1,5977,4575,4576,450,890,0,61,0,1547,8,4,4,8
19,8,moe,801,1,1443,1228,1228,121,53,1,40,0,1111,8,7,1,8
19,9,moe,1455,0,4017,3403,3403,339,189,0,86,0,546,8,5,3,8
19,10,moe,795,1,4635,3892,3892,470,204,0,69,0,588,8,4,4,8
19,11,moe,10537,0,4106,3167,3167,321,554,0,64,0,609,8,5,3,8
19,12,moe,3196,1,10106,9531,9531,343,172,0,60,0,568,8,5,3,8
19,13,moe,3085,1,6733,5993,5993,449,215,0,76,0,647,8,4,4,8
19,14,moe,6517,1,2087,1714,1714,224,103,0,46,0,629,8,6,2,8
19,15,moe,908,1,3075,2536,2536,335,152,0,52,0,548,8,5,3,8
19,16,moe,803,1,4264,3697,3698,358,157,0,51,0,638,8,5,3,8
19,17,moe,848,0,2346,1807,1807,333,153,0,53,0,548,8,5,3,8
19,18,moe,801,1,4638,3890,3890,480,205,0,63,0,623,8,4,4,8
19,19,moe,757,0,484,288,288,111,50,0,35,0,544,8,7,1,8
19,20,moe,792,0,3088,2550,2551,336,151,0,50,0,719,8,5,3,8
19,21,moe,917,1,16,0,0,0,0,0,16,0,548,8,8,0,8
19,22,moe,957,1,1360,1143,1144,117,52,0,47,0,557,8,7,1,8
19,23,moe,702,1,4037,2296,2296,226,1477,0,38,0,679,8,6,2,8
19,24,moe,887,0,1429,1212,1212,121,50,0,46,0,566,8,7,1,8
19,25,moe,871,1,4978,3340,3340,333,1251,0,54,0,726,8,5,3,8
19,26,moe,766,0,1462,1250,1250,118,55,0,39,0,597,8,7,1,8
19,-1,epi,0,0,0,0,0,0,0,0,4952,0,0,0,0,0,0
20,-2,pre,233,0,0,0,0,0,0,0,0,0,0,0,0,0,0
20,0,dense,1820,0,0,0,0,0,0,0,0,0,0,0,0,0,0
20,1,moe,825,1,6396,5317,5317,326,685,0,68,0,559,8,5,3,8
20,2,moe,935,1,6523,4878,4879,432,1148,0,64,0,1269,8,4,4,8
20,3,moe,733,0,7667,5300,5300,330,1960,0,77,0,1043,8,5,3,8
20,4,moe,792,1,2800,2212,2212,222,319,0,47,0,561,8,6,2,8
20,5,moe,815,1,15,0,1,0,0,0,14,0,1042,8,8,0,8
20,6,moe,831,2,2681,2308,2308,224,102,0,47,0,576,8,6,2,8
20,7,moe,683,0,1861,1139,1139,119,568,0,35,0,3450,8,7,1,8
20,8,moe,840,1,911,709,709,113,52,0,37,0,608,8,7,1,8
20,9,moe,783,1,5283,4560,4561,455,208,0,59,0,765,8,4,4,8
20,10,moe,848,0,3044,2840,2840,113,48,0,43,0,574,8,7,1,8
20,11,moe,677,1,4191,3403,3403,338,400,0,50,0,586,8,5,3,8
20,12,moe,780,1,1783,1397,1399,231,109,0,44,0,541,8,6,2,8
20,13,moe,806,0,13,0,0,0,0,0,13,0,534,8,8,0,8
20,14,moe,790,1,2649,2271,2271,228,102,0,48,0,544,8,6,2,8
20,15,moe,9777,1,3736,3355,3355,223,103,0,55,0,544,8,6,2,8
20,16,moe,2899,1,1781,1408,1408,227,105,0,41,0,580,8,6,2,8
20,17,moe,802,0,1440,1225,1225,124,52,0,39,0,555,8,7,1,8
20,18,moe,794,1,1805,1433,1433,226,108,0,38,0,573,8,6,2,8
20,19,moe,733,1,5380,5016,5016,217,96,1,50,0,581,8,6,2,8
20,20,moe,879,1,1301,1099,1099,114,53,0,35,0,546,8,7,1,8
20,21,moe,817,0,3125,2752,2752,227,100,0,46,0,568,8,6,2,8
20,22,moe,863,2,4024,3474,3474,335,157,0,58,0,543,8,5,3,8
20,23,moe,682,0,3622,2258,2258,225,1096,0,43,0,590,8,6,2,8
20,24,moe,814,1,4302,3931,3931,226,102,1,42,0,568,8,6,2,8
20,25,moe,938,1,1907,1177,1177,112,576,0,42,0,576,8,7,1,8
20,26,moe,670,0,2757,2202,2203,212,298,0,44,0,563,8,6,2,8
20,-1,epi,0,0,0,0,0,0,0,0,4954,0,0,0,0,0,0
21,-2,pre,48,0,0,0,0,0,0,0,0,0,0,0,0,0,0
21,0,dense,1618,0,0,0,0,0,0,0,0,0,0,0,0,0,0
21,1,moe,882,1,4773,3456,3456,326,935,0,56,0,625,8,5,3,8
21,2,moe,822,0,3624,2287,2287,214,1077,0,46,0,622,8,6,2,8
21,3,moe,688,1,2379,1086,1086,108,1156,0,29,0,562,8,7,1,8
21,4,moe,854,1,2002,1591,1591,228,131,0,52,0,555,8,6,2,8
21,5,moe,837,1,1458,1246,1246,113,51,0,48,0,552,8,7,1,8
21,6,moe,786,0,3658,3275,3275,232,103,0,48,0,1100,8,6,2,8
21,7,moe,715,0,14,0,0,0,0,0,14,0,1518,8,8,0,8
21,8,moe,809,0,17,0,0,0,0,0,17,0,824,8,8,0,8
21,9,moe,796,1,13,0,0,0,0,0,13,0,688,8,8,0,8
21,10,moe,1334,1,510,304,304,116,51,0,39,0,568,8,7,1,8
21,11,moe,694,1,12,0,0,0,0,0,12,0,547,8,8,0,8
21,12,moe,803,1,886,689,689,110,50,0,37,0,611,8,7,1,8
21,13,moe,793,1,1613,1161,1161,112,307,0,33,0,586,8,7,1,8
21,14,moe,808,1,3848,3439,3439,228,102,0,79,0,586,8,6,2,8
21,15,moe,701,1,2699,2309,2309,244,99,0,47,0,547,8,6,2,8
21,16,moe,798,0,2527,2167,2167,221,100,0,39,0,555,8,6,2,8
21,17,moe,6210,0,1276,1076,1076,113,51,0,36,0,535,8,7,1,8
21,18,moe,790,0,1830,1458,1458,224,98,0,50,0,579,8,6,2,8
21,19,moe,826,1,34,0,0,0,0,0,34,0,589,8,8,0,8
21,20,moe,859,1,1891,1683,1683,114,53,0,41,0,542,8,7,1,8
21,21,moe,787,1,1448,1244,1244,113,61,0,30,0,550,8,7,1,8
21,22,moe,884,1,1405,1201,1202,114,52,0,37,0,563,8,7,1,8
21,23,moe,712,1,5587,4862,4862,450,209,0,66,0,606,8,4,4,8
21,24,moe,827,1,3069,2519,2519,338,154,0,58,0,536,8,5,3,8
21,25,moe,877,1,6665,4860,4860,456,1289,0,60,0,569,8,4,4,8
21,26,moe,679,1,5393,4424,4424,435,462,0,72,0,581,8,4,4,8
21,-1,epi,0,0,0,0,0,0,0,0,5146,0,0,0,0,0,0
22,-2,pre,158,0,0,0,0,0,0,0,0,0,0,0,0,0,0
22,0,dense,1575,0,0,0,0,0,0,0,0,0,0,0,0,0,0
22,1,moe,794,1,10078,5837,5838,643,3519,0,78,0,565,8,2,6,8
22,2,moe,786,1,7816,5402,5402,469,1882,0,63,0,537,8,4,4,8
22,3,moe,675,0,9826,6993,6993,557,2205,0,71,0,544,8,3,5,8
22,4,moe,792,0,7885,5857,5857,568,1384,0,76,0,536,8,3,5,8
22,5,moe,788,1,4044,3499,3499,328,159,0,58,0,1077,8,5,3,8
22,6,moe,861,1,5242,4511,4511,441,200,0,90,0,1307,8,4,4,8
22,7,moe,740,0,2593,2190,2190,235,121,0,47,0,1298,8,6,2,8
22,8,moe,835,2,7682,4422,4422,454,2732,0,74,0,541,8,4,4,8
22,9,moe,796,1,2851,2479,2479,225,102,0,45,0,635,8,6,2,8
22,10,moe,915,1,5441,4456,4456,456,461,0,68,0,620,8,4,4,8
22,11,moe,691,1,2573,2174,2174,255,104,0,40,0,672,8,6,2,8
22,12,moe,925,1,4175,3624,3624,338,154,0,59,0,554,8,5,3,8
22,13,moe,810,1,6227,5831,5831,226,113,0,57,0,550,8,6,2,8
22,14,moe,1014,1,10112,9411,9411,439,197,0,65,0,571,8,4,4,8
22,15,moe,687,0,3214,2783,2783,277,104,0,50,0,719,8,6,2,8
22,16,moe,992,2,3302,2735,2736,334,156,0,76,0,542,8,5,3,8
22,17,moe,796,1,7014,6474,6474,333,147,0,60,0,621,8,5,3,8
22,18,moe,3217,1,2960,2414,2414,337,149,0,60,0,593,8,5,3,8
22,19,moe,8691,0,2624,2268,2268,215,97,0,44,0,589,8,6,2,8
22,20,moe,3172,1,5143,4397,4398,474,200,0,71,0,614,8,4,4,8
22,21,moe,3036,0,3916,3294,3294,406,155,0,61,0,673,8,5,3,8
22,22,moe,829,1,1881,1516,1516,218,99,0,48,0,632,8,6,2,8
22,23,moe,766,0,3563,2860,2860,442,199,0,62,0,551,8,4,4,8
22,24,moe,966,1,4681,3907,3908,499,201,0,73,0,555,8,4,4,8
22,25,moe,794,1,4876,4284,4284,359,178,0,55,0,625,8,5,3,8
22,26,moe,718,2,1353,1156,1156,111,50,0,36,0,713,8,7,1,8
22,-1,epi,0,0,0,0,0,0,0,0,5021,0,0,0,0,0,0
23,-2,pre,214,0,0,0,0,0,0,0,0,0,0,0,0,0,0
23,0,dense,1750,0,0,0,0,0,0,0,0,0,0,0,0,0,0
23,1,moe,967,0,4935,4223,4223,436,204,0,72,0,600,8,4,4,8
23,2,moe,888,1,9275,4788,4788,466,3946,0,75,0,753,8,4,4,8
23,3,moe,829,1,10224,5842,5842,470,3824,0,88,0,706,8,4,4,8
23,4,moe,805,1,3287,2193,2193,224,825,0,45,0,2336,8,6,2,8
23,5,moe,997,1,3199,2799,2800,222,103,0,74,0,586,8,6,2,8
23,6,moe,902,1,9164,5388,5388,733,2934,0,109,0,574,8,2,6,8
23,7,moe,696,1,14,0,0,0,0,0,14,0,1038,8,8,0,8
23,8,moe,803,1,4519,2584,2584,485,1389,0,61,0,603,8,4,4,8
23,9,moe,909,1,8557,3226,3227,338,4932,0,60,0,1470,8,5,3,8
23,10,moe,862,1,6907,2937,2937,335,3572,0,63,0,7278,8,5,3,8
23,11,moe,5274,1,3616,2581,2581,314,661,0,60,0,6721,8,5,3,8
23,12,moe,3851,1,7876,6340,6341,520,944,0,71,0,745,8,3,5,8
23,13,moe,1972,0,4449,3329,3329,319,730,0,71,0,932,8,5,3,8
23,14,moe,1611,1,6224,5460,5460,463,233,0,68,0,1196,8,4,4,8
23,15,moe,1218,1,6768,5470,5471,540,686,0,71,0,1699,8,3,5,8
23,16,moe,886,1,5536,4201,4201,455,785,0,95,0,990,8,4,4,8
23,17,moe,937,1,8710,3896,3896,461,696,0,3657,0,826,8,4,4,8
23,18,moe,844,0,7302,5350,5351,552,1336,0,63,0,769,8,3,5,8
23,19,moe,791,1,3233,2556,2556,326,297,0,54,0,942,8,5,3,8
23,20,moe,1002,1,6947,6276,6276,418,186,0,67,0,617,8,4,4,8
23,21,moe,793,1,4368,3679,3679,433,190,1,65,0,567,8,4,4,8
23,22,moe,4951,1,2826,2285,2285,336,153,0,52,0,538,8,5,3,8
23,23,moe,10133,1,5275,4379,4379,439,394,0,63,0,560,8,4,4,8
23,24,moe,797,1,6507,5619,5619,545,265,0,78,0,530,8,3,5,8
23,25,moe,857,1,5059,4263,4264,488,242,0,65,0,576,8,4,4,8
23,26,moe,2026,1,5035,3902,3902,547,517,0,69,0,708,8,3,5,8
23,-1,epi,0,0,0,0,0,0,0,0,5084,0,0,0,0,0,0
24,-2,pre,213,0,0,0,0,0,0,0,0,0,0,0,0,0,0
24,0,dense,1630,0,0,0,0,0,0,0,0,0,0,0,0,0,0
24,1,moe,784,1,5343,4596,4596,456,220,0,71,0,556,8,4,4,8
24,2,moe,841,1,6477,4261,4261,452,1705,0,59,0,552,8,4,4,8
24,3,moe,698,0,7468,4713,4713,560,2127,0,68,0,1041,8,3,5,8
24,4,moe,808,1,4555,2519,2519,344,1634,0,58,0,1005,8,5,3,8
24,5,moe,797,0,1404,1190,1191,105,49,1,58,0,1080,8,7,1,8
24,6,moe,815,2,7365,2898,2900,440,3947,0,78,0,551,8,4,4,8
24,7,moe,702,0,3143,1686,1686,220,1163,0,74,0,535,8,6,2,8
24,8,moe,791,1,14063,8398,8398,661,4894,0,110,0,1113,8,2,6,8
24,9,moe,890,1,7883,3816,3816,334,3665,0,68,0,546,8,5,3,8
24,10,moe,798,1,10425,5941,5941,639,3751,0,94,0,626,8,2,6,8
24,11,moe,690,1,6954,3260,3261,337,3294,0,62,0,2290,8,5,3,8
24,12,moe,850,1,5557,4198,4198,546,734,0,79,0,1705,8,3,5,8
24,13,moe,858,1,2692,2315,2316,209,117,1,49,0,2082,8,6,2,8
24,14,moe,798,1,10414,6625,6625,439,3269,0,81,0,1281,8,4,4,8
24,15,moe,708,0,3094,2243,2243,244,549,0,58,0,1745,8,6,2,8
24,16,moe,1641,0,5514,4604,4604,557,254,0,99,0,2474,8,3,5,8
24,17,moe,1011,1,2895,2251,2252,211,351,0,81,0,846,8,6,2,8
24,18,moe,800,1,4805,3762,3762,336,643,0,64,0,803,8,5,3,8
24,19,moe,693,1,4302,3319,3319,338,587,0,58,0,766,8,5,3,8
24,20,moe,940,1,4778,3985,3985,214,525,0,54,0,965,8,6,2,8
24,21,moe,816,1,2834,2299,2299,218,266,0,51,0,856,8,6,2,8
24,22,moe,826,1,6153,5245,5245,321,529,1,57,0,903,8,5,3,8
24,23,moe,731,0,1600,1187,1187,109,256,0,48,0,659,8,7,1,8
24,24,moe,921,1,4951,4037,4038,325,519,0,69,0,647,8,5,3,8
24,25,moe,996,1,3457,2911,2911,327,159,0,60,0,564,8,5,3,8
24,26,moe,685,0,7278,6374,6374,573,252,0,79,0,573,8,3,5,8
24,-1,epi,0,0,0,0,0,0,0,0,4928,0,0,0,0,0,0
25,-2,pre,286,0,0,0,0,0,0,0,0,0,0,0,0,0,0
25,0,dense,1768,0,0,0,0,0,0,0,0,0,0,0,0,0,0
25,1,moe,905,1,5146,4411,4411,444,212,0,79,0,553,8,4,4,8
25,2,moe,817,1,7284,6045,6045,556,602,0,81,0,536,8,3,5,8
25,3,moe,682,1,8218,5182,5182,448,2502,0,86,0,568,8,4,4,8
25,4,moe,878,1,8203,5661,5662,474,1998,0,69,0,553,8,4,4,8
25,5,moe,794,1,8255,5733,5733,629,1801,0,92,0,540,8,3,5,8
25,6,moe,801,1,8829,5400,5401,555,2787,0,86,0,582,8,3,5,8
25,7,moe,683,1,7127,2821,2821,348,3899,0,59,0,569,8,5,3,8
25,8,moe,889,1,4406,3411,3412,231,674,0,89,0,638,8,6,2,8
25,9,moe,889,1,5809,5116,5117,218,414,0,60,0,2144,8,6,2,8
25,10,moe,872,1,7793,3858,3858,446,3411,0,78,0,646,8,4,4,8
25,11,moe,846,1,12046,7824,7824,413,3735,0,74,0,1668,8,5,3,8
25,12,moe,892,0,10211,6116,6116,505,3498,0,92,0,3438,8,4,4,8
25,13,moe,1448,0,10194,3861,3862,344,5893,0,95,0,750,8,5,3,8
25,14,moe,845,0,3070,2237,2238,213,568,0,51,0,581,8,6,2,8
25,15,moe,727,1,7443,3244,3244,358,3764,0,77,0,1060,8,5,3,8
25,16,moe,788,2,4188,3528,3528,427,161,0,72,0,2072,8,5,3,8
25,17,moe,1051,0,6687,4277,4278,358,1982,0,69,0,1145,8,5,3,8
25,18,moe,840,1,6744,4892,4893,538,1236,0,77,0,689,8,3,5,8
25,19,moe,757,0,10887,7096,7096,648,3056,0,87,0,800,8,2,6,8
25,20,moe,908,1,7197,3267,3267,315,3549,0,66,0,1487,8,5,3,8
25,21,moe,927,1,1299,1097,1097,114,47,0,41,0,584,8,7,1,8
25,22,moe,791,1,5408,3366,3366,337,1641,0,64,0,3332,8,5,3,8
25,23,moe,682,1,3103,2212,2212,224,617,0,50,0,3905,8,6,2,8
25,24,moe,963,1,1344,1128,1128,113,53,0,50,0,753,8,7,1,8
25,25,moe,785,1,1402,1208,1208,111,52,0,31,0,756,8,7,1,8
25,26,moe,705,0,4357,3626,3626,455,205,0,71,0,625,8,4,4,8
25,-1,epi,0,0,0,0,0,0,0,0,7435,0,0,0,0,0,0
26,-2,pre,226,0,0,0,0,0,0,0,0,0,0,0,0,0,0
26,0,dense,1636,1,0,0,0,0,0,0,0,0,0,0,0,0,0
26,1,moe,787,1,7886,6638,6638,660,496,0,92,0,578,8,2,6,8
26,2,moe,783,1,5757,5013,5013,462,207,1,74,0,749,8,4,4,8
26,3,moe,700,1,6131,5375,5375,461,210,0,85,0,656,8,4,4,8
26,4,moe,906,1,4426,2408,2408,227,1718,0,73,0,598,8,6,2,8
26,5,moe,812,1,1378,1180,1180,106,48,0,44,0,553,8,7,1,8
26,6,moe,817,2,1345,1142,1142,110,50,0,43,0,537,8,7,1,8
26,7,moe,692,1,2432,1147,1147,115,1135,0,35,0,568,8,7,1,8
26,8,moe,802,1,3431,2863,2863,358,150,0,60,0,572,8,5,3,8
26,9,moe,805,1,1049,303,303,126,576,1,43,0,1046,8,7,1,8
26,10,moe,851,1,3363,2800,2800,333,164,0,66,0,1622,8,5,3,8
26,11,moe,748,1,4747,3667,3668,347,612,0,120,0,1044,8,5,3,8
26,12,moe,775,1,1741,1379,1379,220,98,0,44,0,1075,8,6,2,8
26,13,moe,833,1,4134,2220,2220,225,1631,0,58,0,1373,8,6,2,8
26,14,moe,833,1,5006,3255,3255,335,1331,0,85,0,1005,8,5,3,8
26,15,moe,704,1,3433,2163,2165,221,997,0,50,0,537,8,6,2,8
26,16,moe,783,0,6570,3707,3708,341,2459,0,62,0,537,8,5,3,8
26,17,moe,787,1,5384,4573,4574,431,309,0,70,0,619,8,4,4,8
26,18,moe,832,2,7360,4525,4525,460,2277,0,98,0,611,8,4,4,8
26,19,moe,775,1,6502,4602,4603,461,1330,0,108,0,640,8,4,4,8
26,20,moe,876,1,6054,3242,3244,336,2411,0,63,0,1084,8,5,3,8
26,21,moe,807,1,6195,2723,2723,220,3201,0,51,0,1416,8,6,2,8
26,22,moe,837,0,1972,1504,1504,114,312,0,42,0,611,8,7,1,8
26,23,moe,697,1,2283,1439,1440,217,580,0,46,0,646,8,6,2,8
26,24,moe,804,1,2581,2193,2193,223,105,0,60,0,567,8,6,2,8
26,25,moe,827,1,2782,2387,2387,225,104,0,66,0,1504,8,6,2,8
26,26,moe,760,0,5851,4540,4540,555,684,0,72,0,641,8,3,5,8
26,-1,epi,0,0,0,0,0,0,0,0,7136,0,0,0,0,0,0
27,-2,pre,247,0,0,0,0,0,0,0,0,0,0,0,0,0,0
27,0,dense,1694,0,0,0,0,0,0,0,0,0,0,0,0,0,0
27,1,moe,833,1,8449,7074,7074,695,589,0,91,0,651,8,2,6,8
27,2,moe,822,1,7345,5497,5497,545,1224,0,79,0,540,8,3,5,8
27,3,moe,686,1,6142,5241,5241,421,391,0,89,0,675,8,4,4,8
27,4,moe,843,1,7476,5854,5855,552,981,0,88,0,719,8,3,5,8
27,5,moe,969,0,7988,4781,4782,511,2604,0,91,0,668,8,4,4,8
27,6,moe,790,1,4313,3490,3491,396,362,0,64,0,940,8,5,3,8
27,7,moe,695,1,7144,4579,4579,446,2051,0,68,0,822,8,4,4,8
27,8,moe,1029,2,5533,4830,4830,432,195,0,76,0,746,8,4,4,8
27,9,moe,855,0,3615,2489,2489,222,821,0,83,0,725,8,6,2,8
27,10,moe,1028,0,6032,4507,4507,531,924,0,70,0,768,8,4,4,8
27,11,moe,693,0,4694,2774,2775,318,1532,0,69,0,1230,8,5,3,8
27,12,moe,979,1,3892,2776,2777,317,730,0,68,0,1931,8,5,3,8
27,13,moe,922,1,3530,2309,2309,227,939,0,55,0,1237,8,6,2,8
27,14,moe,1240,1,5615,3760,3761,348,1437,0,69,0,1818,8,5,3,8
27,15,moe,1110,2,3409,2434,2434,330,577,0,68,0,932,8,6,2,8
27,16,moe,909,1,12753,4026,4026,518,8121,0,88,0,1446,8,4,4,8
27,17,moe,839,1,6596,5317,5317,429,779,0,71,0,891,8,4,4,8
27,18,moe,966,1,3177,2285,2285,216,603,1,72,0,1347,8,6,2,8
27,19,moe,738,1,3939,2674,2674,244,959,0,62,0,1396,8,6,2,8
27,20,moe,821,1,2608,2240,2240,216,105,1,46,0,952,8,6,2,8
27,21,moe,788,1,6264,3424,3424,343,2424,0,73,0,533,8,5,3,8
27,22,moe,920,1,1420,1218,1218,112,52,0,38,0,1003,8,7,1,8
27,23,moe,691,0,4225,3496,3496,451,209,0,69,0,1677,8,4,4,8
27,24,moe,1104,1,1369,1157,1157,107,50,0,55,0,3884,8,7,1,8
27,25,moe,1002,2,4876,3587,3588,420,797,0,71,0,681,8,4,4,8
27,26,moe,709,1,10777,8261,8261,764,1659,0,93,0,775,8,1,7,8
27,-1,epi,0,0,0,0,0,0,0,0,5086,0,0,0,0,0,0
28,-2,pre,234,0,0,0,0,0,0,0,0,0,0,0,0,0,0
28,0,dense,1584,0,0,0,0,0,0,0,0,0,0,0,0,0,0
28,1,moe,909,1,9020,4263,4264,454,4226,0,76,0,819,8,4,4,8
28,2,moe,935,1,3061,2315,2316,227,464,1,53,0,1015,8,6,2,8
28,3,moe,689,1,2734,2226,2226,217,245,0,46,0,705,8,6,2,8
28,4,moe,788,1,2577,2194,2194,232,102,1,48,0,648,8,6,2,8
28,5,moe,815,1,4151,2379,2379,221,1488,0,63,0,525,8,6,2,8
28,6,moe,794,0,1514,1147,1147,109,223,0,35,0,651,8,7,1,8
28,7,moe,692,0,1830,1151,1151,110,534,0,35,0,684,8,7,1,8
28,8,moe,780,0,2662,2298,2298,217,103,0,44,0,692,8,6,2,8
28,9,moe,780,0,13,0,0,0,0,0,13,0,1259,8,8,0,8
28,10,moe,957,1,2360,1479,1479,225,581,0,75,0,1033,8,6,2,8
28,11,moe,750,0,1299,1099,1099,109,60,0,31,0,2671,8,7,1,8
28,12,moe,819,1,2924,1518,1519,234,1116,0,55,0,1936,8,6,2,8
28,13,moe,783,1,2901,2129,2129,214,514,0,44,0,564,8,6,2,8
28,14,moe,801,0,8913,6439,6439,559,1839,0,76,0,621,8,3,5,8
28,15,moe,702,1,5907,3317,3317,336,2188,0,66,0,924,8,5,3,8
28,16,moe,802,0,5880,3315,3316,349,2149,0,66,0,1108,8,5,3,8
28,17,moe,1464,0,4005,3431,3431,349,160,0,65,0,580,8,5,3,8
28,18,moe,809,1,1293,1093,1093,110,49,0,41,0,583,8,7,1,8
28,19,moe,691,0,5306,3999,3999,452,778,0,77,0,707,8,4,4,8
28,20,moe,817,1,2998,2456,2456,328,154,0,60,0,998,8,5,3,8
28,21,moe,799,1,1796,1149,1149,105,509,0,33,0,1019,8,7,1,8
28,22,moe,845,1,8336,6239,6240,557,1462,0,77,0,1140,8,3,5,8
28,23,moe,679,0,5581,2820,2820,357,2334,0,70,0,2875,8,5,3,8
28,24,moe,847,1,9236,5936,5936,454,2773,0,73,0,1970,8,4,4,8
28,25,moe,779,1,7359,4602,4603,464,2225,0,67,0,874,8,4,4,8
28,26,moe,816,0,4447,3612,3612,319,447,0,69,0,576,8,5,3,8
28,-1,epi,0,0,0,0,0,0,0,0,4970,0,0,0,0,0,0
29,-2,pre,61,0,0,0,0,0,0,0,0,0,0,0,0,0,0
29,0,dense,1648,0,0,0,0,0,0,0,0,0,0,0,0,0,0
29,1,moe,859,1,9604,4161,4161,580,4767,0,96,0,1333,8,3,5,8
29,2,moe,947,1,8465,4323,4325,555,3476,0,109,0,566,8,3,5,8
29,3,moe,693,1,4116,3318,3318,349,389,0,60,0,579,8,5,3,8
29,4,moe,805,1,6333,4372,4372,434,1453,0,74,0,545,8,4,4,8
29,5,moe,899,2,3498,2330,2331,258,857,0,52,0,1736,8,6,2,8
29,6,moe,787,1,3998,2518,2518,334,1083,0,63,0,571,8,5,3,8
29,7,moe,707,1,6815,4348,4349,447,1951,0,68,0,1116,8,4,4,8
29,8,moe,889,2,6135,4446,4446,428,1184,0,77,0,1090,8,4,4,8
29,9,moe,842,1,1547,1167,1168,110,219,0,50,0,1062,8,7,1,8
29,10,moe,848,1,18,0,0,0,0,0,18,0,1652,8,8,0,8
29,11,moe,752,1,5905,3273,3273,343,2225,0,64,0,2121,8,5,3,8
29,12,moe,866,2,4354,2563,2563,315,1410,0,66,0,1766,8,5,3,8
29,13,moe,847,1,6959,4793,4793,331,1764,0,71,0,1127,8,5,3,8
29,14,moe,843,1,6545,4017,4017,563,1881,0,84,0,2197,8,3,5,8
29,15,moe,768,1,6602,4392,4393,423,1706,0,80,0,1162,8,4,4,8
29,16,moe,824,1,6015,3232,3232,447,2272,0,64,0,2470,8,4,4,8
29,17,moe,965,1,5103,3517,3518,536,973,0,76,0,1193,8,3,5,8
29,18,moe,1437,1,4894,3678,3678,436,709,0,71,0,769,8,4,4,8
29,19,moe,1044,0,4529,3333,3333,324,818,0,54,0,1827,8,5,3,8
29,20,moe,1838,1,4429,3250,3250,431,683,0,65,0,564,8,4,4,8
29,21,moe,793,1,6182,5087,5087,344,691,0,60,0,1015,8,5,3,8
29,22,moe,785,1,2563,2206,2206,216,99,0,42,0,880,8,6,2,8
29,23,moe,711,1,4608,3331,3331,343,875,0,59,0,536,8,5,3,8
29,24,moe,2894,1,477,282,282,112,52,0,31,0,1156,8,7,1,8
29,25,moe,834,1,3118,2549,2549,357,155,0,57,0,538,8,5,3,8
29,26,moe,690,1,2970,2272,2272,422,214,0,62,0,740,8,4,4,8
29,-1,epi,0,0,0,0,0,0,0,0,4984,0,0,0,0,0,0
30,-2,pre,209,0,0,0,0,0,0,0,0,0,0,0,0,0,0
30,0,dense,1584,0,0,0,0,0,0,0,0,0,0,0,0,0,0
30,1,moe,801,2,8044,4765,4765,549,2657,0,73,0,559,8,3,5,8
30,2,moe,789,0,5377,4353,4353,335,625,0,64,0,586,8,5,3,8
30,3,moe,710,1,10289,7361,7361,559,2300,0,69,0,568,8,3,5,8
30,4,moe,831,1,9340,7411,7411,575,1282,0,72,0,1052,8,3,5,8
30,5,moe,783,1,10141,7682,7682,529,1859,0,71,0,631,8,3,5,8
30,6,moe,798,1,3720,1810,1810,226,1633,0,51,0,593,8,6,2,8
30,7,moe,725,1,6670,4582,4583,603,1414,0,70,0,615,8,3,5,8
30,8,moe,869,0,5481,3144,3145,324,1929,0,83,0,656,8,5,3,8
30,9,moe,812,1,16488,9235,9236,338,6824,0,90,0,568,8,5,3,8
30,10,moe,809,1,6824,4028,4029,454,2253,0,88,0,537,8,4,4,8
30,11,moe,694,1,13599,5461,5461,443,7629,0,66,0,2230,8,4,4,8
30,12,moe,921,1,9659,3846,3846,341,5392,0,80,0,1325,8,5,3,8
30,13,moe,800,1,9219,5452,5453,571,3116,0,79,0,634,8,3,5,8
30,14,moe,791,0,4833,1680,1681,224,2883,1,44,0,823,8,6,2,8
30,15,moe,754,0,9575,5967,5967,617,2911,0,80,0,638,8,3,5,8
30,16,moe,840,1,8993,5486,5487,536,2900,0,70,0,599,8,3,5,8
30,17,moe,810,1,15,0,0,0,0,0,15,0,1828,8,8,0,8
30,18,moe,777,1,8056,4584,4584,450,2949,0,73,0,584,8,4,4,8
30,19,moe,687,2,7595,5465,5465,441,1621,0,68,0,545,8,4,4,8
30,20,moe,929,1,7494,4932,4932,579,1882,0,101,0,821,8,3,5,8
30,21,moe,1847,1,8624,5059,5059,578,2909,0,78,0,858,8,3,5,8
30,22,moe,1461,0,2795,2301,2301,222,222,0,50,0,786,8,6,2,8
30,23,moe,702,1,5174,3443,3444,550,1104,0,76,0,558,8,3,5,8
30,24,moe,797,1,5258,4516,4516,448,218,0,76,0,573,8,4,4,8
30,25,moe,955,1,4754,3662,3662,482,543,1,66,0,619,8,4,4,8
30,26,moe,710,1,8729,6755,6756,671,1215,0,87,0,680,8,2,6,8
30,-1,epi,0,0,0,0,0,0,0,0,5332,0,0,0,0,0,0
31,-2,pre,233,0,0,0,0,0,0,0,0,0,0,0,0,0,0
31,0,dense,1581,0,0,0,0,0,0,0,0,0,0,0,0,0,0
31,1,moe,852,1,13290,7528,7528,651,5016,0,95,0,663,8,2,6,8
31,2,moe,794,0,12387,10425,10426,675,1193,0,93,0,565,8,2,6,8
31,3,moe,691,0,5763,4201,4201,578,895,0,89,0,864,8,3,5,8
31,4,moe,910,2,3661,2176,2176,209,1207,0,69,0,1243,8,6,2,8
31,5,moe,1067,1,8878,4451,4451,440,3895,0,92,0,669,8,4,4,8
31,6,moe,965,1,3717,2263,2263,240,1163,0,51,0,543,8,6,2,8
31,7,moe,686,1,2137,1510,1510,223,364,0,40,0,2283,8,6,2,8
31,8,moe,914,1,11362,9442,9444,441,1376,0,101,0,866,8,4,4,8
31,9,moe,796,1,1909,1185,1185,108,579,0,37,0,1628,8,7,1,8
31,10,moe,933,2,4999,2319,2319,233,2393,0,54,0,1086,8,6,2,8
31,11,moe,684,1,4229,1407,1407,219,2561,0,42,0,2526,8,6,2,8
31,12,moe,1001,1,3703,2285,2286,215,1133,0,69,0,573,8,6,2,8
31,13,moe,923,1,2814,1305,1305,233,1220,0,56,0,699,8,6,2,8
31,14,moe,811,0,7702,4404,4404,577,2647,0,74,0,595,8,3,5,8
31,15,moe,812,1,7182,3050,3050,580,3433,0,119,0,716,8,3,5,8
31,16,moe,916,1,12635,9706,9706,544,2317,0,68,0,559,8,3,5,8
31,17,moe,798,1,10796,3449,3449,488,6790,0,69,0,1306,8,4,4,8
31,18,moe,866,1,7758,3787,3788,455,3448,0,67,0,1628,8,4,4,8
31,19,moe,809,1,7908,2629,2629,408,4795,1,75,0,851,8,5,3,8
31,20,moe,919,2,10665,5028,5028,469,5089,0,79,0,1206,8,4,4,8
31,21,moe,793,1,2892,2325,2325,218,301,0,48,0,1300,8,6,2,8
31,22,moe,1109,1,2219,1457,1457,225,480,0,57,0,759,8,6,2,8
31,23,moe,1068,1,5463,4613,4613,287,504,0,59,0,991,8,6,2,8
31,24,moe,1643,2,5521,3228,3228,438,1772,0,83,0,1257,8,4,4,8
31,25,moe,10646,1,1047,680,680,215,96,0,56,0,1131,8,6,2,8
31,26,moe,943,0,598,287,287,104,173,0,34,0,809,8,7,1,8
31,-1,epi,0,0,0,0,0,0,0,0,4956,0,0,0,0,0,0
32,-2,pre,234,0,0,0,0,0,0,0,0,0,0,0,0,0,0
32,0,dense,1733,0,0,0,0,0,0,0,0,0,0,0,0,0,0
32,1,moe,941,1,7052,6140,6142,210,633,1,66,0,737,8,6,2,8
32,2,moe,839,0,1904,1167,1167,111,582,0,44,0,567,8,7,1,8
32,3,moe,732,1,3521,2262,2262,224,983,0,52,0,562,8,6,2,8
32,4,moe,909,1,6865,4235,4236,340,2193,0,96,0,535,8,5,3,8
32,5,moe,794,1,8731,4487,4487,443,3733,0,68,0,533,8,4,4,8
32,6,moe,783,1,4841,3367,3367,343,1074,0,57,0,709,8,5,3,8
32,7,moe,736,0,6677,4418,4418,451,1743,0,65,0,558,8,4,4,8
32,8,moe,781,1,4298,3323,3323,331,588,0,56,0,534,8,5,3,8
32,9,moe,815,1,5444,2176,2176,224,2991,0,53,0,600,8,6,2,8
32,10,moe,783,1,3620,2266,2266,222,1093,0,39,0,559,8,6,2,8
32,11,moe,696,0,5761,5078,5078,115,530,0,38,0,533,8,7,1,8
32,12,moe,788,0,8240,4813,4813,451,2914,0,62,0,536,8,4,4,8
32,13,moe,843,1,5047,2204,2205,222,2573,0,47,0,1172,8,6,2,8
32,14,moe,819,0,4651,2042,2042,375,2186,0,48,0,697,8,6,2,8
32,15,moe,790,1,10633,5877,5877,602,4079,0,75,0,770,8,4,4,8
32,16,moe,1000,1,1438,1158,1158,111,126,0,43,0,1491,8,7,1,8
32,17,moe,1117,2,8279,3969,3970,432,3798,0,79,0,668,8,4,4,8
32,18,moe,1205,3,1758,1242,1242,113,347,0,56,0,841,8,7,1,8
32,19,moe,871,1,4651,3062,3062,330,1188,0,71,0,795,8,5,3,8
32,20,moe,1230,0,31,0,0,0,0,0,31,0,2266,8,8,0,8
32,21,moe,865,1,11213,6363,6363,428,4351,0,71,0,1817,8,4,4,8
32,22,moe,944,1,12174,4287,4288,387,7421,0,78,0,1265,8,5,3,8
32,23,moe,934,1,9684,5925,5925,882,2778,0,99,0,677,8,2,6,8
32,24,moe,859,1,8551,5463,5463,546,2468,0,74,0,669,8,3,5,8
32,25,moe,907,1,4478,3201,3201,394,826,0,57,0,1194,8,5,3,8
32,26,moe,1342,1,3657,2346,2346,217,1045,0,49,0,1759,8,6,2,8
32,-1,epi,0,0,0,0,0,0,0,0,4783,0,0,0,0,0,0
33,-2,pre,147,0,0,0,0,0,0,0,0,0,0,0,0,0,0
33,0,dense,3664,0,0,0,0,0,0,0,0,0,0,0,0,0,0
33,1,moe,1660,2,5976,4487,4488,645,765,0,78,0,807,8,3,5,8
33,2,moe,1162,1,4946,3550,3550,515,814,0,67,0,683,8,4,4,8
33,3,moe,737,1,1327,1129,1129,110,50,0,38,0,1141,8,7,1,8
33,4,moe,1100,1,3960,2660,2660,619,622,0,59,0,753,8,5,3,8
33,5,moe,1006,1,3732,2352,2354,316,1007,0,55,0,1080,8,5,3,8
33,6,moe,950,1,2178,1099,1099,170,795,1,113,0,690,8,7,1,8
33,7,moe,828,1,1490,1055,1055,110,264,0,61,0,1072,8,7,1,8
33,8,moe,1016,1,1180,518,518,110,513,0,39,0,1174,8,7,1,8
33,9,moe,1071,1,43,0,0,0,0,1,42,0,833,8,8,0,8
33,10,moe,1193,1,3490,1377,1377,219,1837,0,57,0,725,8,6,2,8
33,11,moe,892,2,1695,1030,1030,115,511,0,39,0,635,8,7,1,8
33,12,moe,1506,1,16,0,0,0,0,0,16,0,1136,8,8,0,8
33,13,moe,1108,1,1796,1115,1115,114,511,0,56,0,638,8,7,1,8
33,14,moe,938,1,949,277,277,111,527,0,34,0,687,8,7,1,8
33,15,moe,775,1,4519,3588,3588,332,520,0,79,0,727,8,5,3,8
33,16,moe,903,1,7393,3741,3741,618,2893,0,141,0,695,8,4,4,8
33,17,moe,847,1,1294,1095,1095,107,57,0,35,0,1400,8,7,1,8
33,18,moe,982,1,2166,1110,1111,193,788,0,74,0,1285,8,7,1,8
33,19,moe,739,1,7989,4280,4280,581,3058,0,70,0,775,8,4,4,8
33,20,moe,815,2,17,0,0,0,0,0,17,0,2338,8,8,0,8
33,21,moe,930,0,7128,4246,4246,471,2339,0,72,0,1084,8,4,4,8
33,22,moe,794,2,7910,5086,5086,551,2203,0,70,0,752,8,3,5,8
33,23,moe,668,1,7183,5184,5185,724,1198,0,76,0,1117,8,2,6,8
33,24,moe,796,1,10021,7518,7520,542,1885,0,74,0,814,8,3,5,8
33,25,moe,871,3,12163,8689,8689,548,2838,0,88,0,774,8,3,5,8
33,26,moe,1083,1,7471,5040,5040,564,1790,0,77,0,1867,8,3,5,8
33,-1,epi,0,0,0,0,0,0,0,0,4909,0,0,0,0,0,0
34,-2,pre,152,0,0,0,0,0,0,0,0,0,0,0,0,0,0
34,0,dense,1748,0,0,0,0,0,0,0,0,0,0,0,0,0,0
34,1,moe,840,1,7601,5570,5570,624,1323,0,84,0,937,8,2,6,8
34,2,moe,1640,0,7683,6705,6705,424,492,0,62,0,1025,8,4,4,8
34,3,moe,1070,1,5861,4887,4888,551,340,0,82,0,739,8,3,5,8
34,4,moe,877,1,1745,1375,1376,220,100,0,49,0,638,8,6,2,8
34,5,moe,752,1,2734,1358,1358,141,1200,0,35,0,1660,8,7,1,8
34,6,moe,961,1,3422,2188,2188,223,965,0,46,0,2002,8,6,2,8
34,7,moe,1003,1,5428,4217,4217,337,803,0,71,0,932,8,5,3,8
34,8,moe,872,2,5851,3817,3818,330,1643,0,60,0,761,8,5,3,8
34,9,moe,1124,1,4431,1293,1293,238,2853,1,46,0,694,8,6,2,8
34,10,moe,852,2,5261,3738,3738,323,1137,0,63,0,716,8,5,3,8
34,11,moe,706,1,3221,1982,1982,227,965,0,47,0,821,8,6,2,8
34,12,moe,887,1,2936,2117,2117,219,554,0,46,0,745,8,6,2,8
34,13,moe,817,1,4886,2259,2259,227,2333,0,67,0,665,8,6,2,8
34,14,moe,822,1,5574,3263,3264,449,1798,0,63,0,652,8,5,3,8
34,15,moe,696,0,3042,2195,2195,225,576,0,46,0,679,8,6,2,8
34,16,moe,849,1,7796,4151,4151,447,3135,1,62,0,1913,8,4,4,8
34,17,moe,838,1,7367,3225,3225,334,3754,0,54,0,1231,8,5,3,8
34,18,moe,789,1,6670,5054,5054,332,1210,1,73,0,1147,8,5,3,8
34,19,moe,778,1,4961,3096,3096,365,1341,0,159,0,1143,8,5,3,8
34,20,moe,904,2,1745,1049,1049,106,540,0,50,0,1708,8,7,1,8
34,21,moe,800,1,1309,1106,1106,107,61,0,35,0,894,8,7,1,8
34,22,moe,944,2,4962,3367,3368,328,1185,0,81,0,2911,8,5,3,8
34,23,moe,1376,1,4530,3282,3282,323,847,0,78,0,1192,8,5,3,8
34,24,moe,773,0,5962,4646,4646,220,1040,0,56,0,1302,8,6,2,8
34,25,moe,1037,1,2985,2159,2159,217,560,0,49,0,1387,8,6,2,8
34,26,moe,1809,0,7084,1912,1912,335,4773,0,64,0,3114,8,5,3,8
34,-1,epi,0,0,0,0,0,0,0,0,4529,0,0,0,0,0,0
