step,il,kind,route_us,readback_us,load_wall_us,pread_us,pread_wall_us,repack_us,placement_us,sync_us,load_other_us,load_hidden_us,compute_us,lookups,hits,misses,n_slots
0,-2,pre,63391,0,0,0,0,0,0,0,0,0,0,0,0,0,0
0,0,dense,93358,0,0,0,0,0,0,0,0,0,0,0,0,0,0
0,1,moe,49308,1735,47818,40741,40741,4049,0,2,3026,0,22032,0,0,0,16
0,2,moe,2145,148,66566,45009,45010,0,2921,3,18632,0,2496,16,0,16,16
0,3,moe,89527,208,65590,33903,33904,0,2766,1,28919,0,2408,16,0,16,16
0,4,moe,2206,152,47220,31350,31351,0,2746,1,13122,0,2414,16,0,16,16
0,5,moe,2530,191,74624,61670,61671,0,2868,2,10083,0,2588,16,0,16,16
0,6,moe,2493,285,73876,61573,61573,0,2735,1,9567,0,2348,16,0,16,16
0,7,moe,1627,170,82456,73103,73106,0,2622,1,6727,0,2174,15,0,15,15
0,8,moe,2738,232,64391,51079,51080,0,3086,2,10223,0,2264,16,0,16,16
0,9,moe,2795,190,69056,58250,58251,0,2714,2,8089,0,2511,16,0,16,16
0,10,moe,2719,176,65860,55687,55687,0,2759,2,7412,0,2732,15,0,15,15
0,11,moe,1835,312,65389,55326,55326,0,2643,2,7418,0,2619,15,0,15,15
0,12,moe,2323,319,66292,54269,54269,0,2986,1,9036,0,1374,16,0,16,16
0,13,moe,1600,270,78448,66435,66435,0,2897,1,9115,0,1894,16,0,16,16
0,14,moe,2153,335,71529,61645,61646,0,2729,2,7152,0,2547,16,0,16,16
0,15,moe,1634,634,71024,60417,60417,0,2647,0,7960,0,2507,15,0,15,15
0,16,moe,2326,157,67382,55941,55941,0,2911,1,8529,0,2328,16,0,16,16
0,17,moe,2860,153,48772,37377,37377,0,2962,1,8432,0,2425,16,0,16,16
0,18,moe,2605,387,71194,58226,58227,0,2926,1,10040,0,2802,16,0,16,16
0,19,moe,1665,299,76274,66302,66302,0,2623,1,7348,0,2746,15,0,15,15
0,20,moe,2506,329,67669,57955,57956,0,2757,1,6955,0,2420,16,0,16,16
0,21,moe,2494,167,63764,52835,52835,0,2933,1,7995,0,2452,16,0,16,16
0,22,moe,2630,163,96833,85064,85064,0,2756,1,9012,0,2231,16,0,16,16
0,23,moe,1570,171,74869,65212,65213,0,2740,2,6914,0,2246,16,0,16,16
0,24,moe,2330,138,79010,68561,68561,0,2956,1,7492,0,2306,16,0,16,16
0,25,moe,2588,164,71058,60914,60915,0,2775,1,7367,0,2309,16,0,16,16
0,26,moe,14463,163,50615,41086,41087,0,1422,1,8105,0,13641,8,0,8,8
0,-1,epi,0,0,0,0,0,0,0,0,8672,0,0,0,0,0,0
1,-2,pre,201,0,0,0,0,0,0,0,0,0,0,0,0,0,0
1,0,dense,2120,0,0,0,0,0,0,0,0,0,0,0,0,0,0
1,1,moe,1420,233,55674,42807,42807,0,2025,1,10841,0,1578,12,0,12,12
1,2,moe,1078,137,16563,14204,14204,0,2200,1,158,0,1298,13,0,13,13
1,3,moe,784,227,18555,15825,15826,0,2561,2,166,0,1271,14,0,14,14
1,4,moe,1194,133,20047,17175,17177,0,2721,1,148,0,1013,16,1,15,16
1,5,moe,1573,550,17991,15400,15403,0,2426,1,161,0,1507,14,0,14,14
1,6,moe,1282,474,16941,14558,14558,0,2249,1,133,0,1461,15,2,13,15
1,7,moe,1225,509,18432,15964,15965,0,2334,1,132,0,1536,15,1,14,15
1,8,moe,1572,260,19165,16692,16692,0,2339,1,133,0,1841,14,0,14,14
1,9,moe,1312,133,15300,13318,13318,0,1863,2,117,0,1577,15,4,11,15
1,10,moe,1475,142,13935,12099,12099,0,1725,1,110,0,1619,15,5,10,15
1,11,moe,1289,236,21742,19024,19025,0,2576,0,141,0,1375,15,0,15,15
1,12,moe,1655,157,18772,16508,16509,0,2139,1,123,0,2376,15,3,12,15
1,13,moe,3048,311,20228,17662,17662,0,2435,1,130,0,2124,16,2,14,16
1,14,moe,2544,336,16966,14807,14807,0,2022,1,136,0,2458,16,4,12,16
1,15,moe,1655,270,20135,17589,17590,0,2415,1,129,0,2194,15,1,14,15
1,16,moe,2250,314,23293,20435,20435,0,2709,1,148,0,2596,16,1,15,16
1,17,moe,2687,388,21140,18742,18744,0,2264,1,131,0,2341,14,1,13,14
1,18,moe,2675,138,22380,19631,19632,0,2614,0,134,0,2112,15,0,15,15
1,19,moe,1548,168,21215,18667,18668,0,2416,0,131,0,2523,15,1,14,15
1,20,moe,2199,314,21828,18953,18954,0,2739,1,134,0,2464,16,1,15,16
1,21,moe,2527,167,17044,14830,14830,0,2089,1,124,0,2547,16,4,12,16
1,22,moe,2573,349,14464,12455,12456,0,1882,0,126,0,2975,15,4,11,15
1,23,moe,1986,340,18681,16116,16117,0,2428,1,135,0,2330,16,2,14,16
1,24,moe,2480,130,14298,12327,12327,0,1856,0,115,0,1679,14,3,11,14
1,25,moe,1439,121,19293,16628,16628,0,2534,1,130,0,1381,16,1,15,16
1,26,moe,911,170,10679,9152,9152,0,1432,1,94,0,771,8,0,8,8
1,-1,epi,0,0,0,0,0,0,0,0,4220,0,0,0,0,0,0
2,-2,pre,17959,0,0,0,0,0,0,0,0,0,0,0,0,0,0
2,0,dense,99784,0,0,0,0,0,0,0,0,0,0,0,0,0,0
2,1,moe,56217,231,733813,565479,565501,88777,6686,5,72844,0,66230,0,0,0,241
2,2,moe,7192,2006,389537,302763,302773,40041,4904,2,41817,0,20179,0,0,0,232
2,3,moe,114210,212,331727,263927,263941,38063,5000,2,24721,0,27637,0,0,0,228
2,4,moe,8146,2794,350595,265750,265763,39845,4405,2,40580,0,20039,0,0,0,221
2,5,moe,7220,167,293690,229653,229673,33886,4624,1,25506,0,33986,0,0,0,199
2,6,moe,7182,1451,319941,246037,246049,36098,4794,3,32997,0,30398,0,0,0,211
2,7,moe,5045,2078,299613,225276,225280,34794,4772,2,34765,0,29076,0,0,0,201
2,8,moe,7226,1602,315194,233012,233020,35545,4580,3,42046,0,25461,0,0,0,207
2,9,moe,8039,1554,303264,226860,226882,34913,4757,4,36708,0,27449,0,0,0,202
2,10,moe,7332,1425,329292,251088,251100,36513,5501,4,36174,0,34865,0,0,0,209
2,11,moe,5550,2455,329618,249424,249439,37063,4534,2,38580,0,26000,0,0,0,214
2,12,moe,7518,1748,330741,253205,253214,35446,5419,3,36659,0,32975,0,0,0,203
2,13,moe,10409,2695,398549,314483,314499,38336,4499,2,41213,0,22147,0,0,0,210
2,14,moe,7723,2870,328138,248924,248932,37091,4797,3,37315,0,28125,0,0,0,213
2,15,moe,5398,1561,335354,250462,250477,37564,4615,2,42696,0,18534,0,0,0,218
2,16,moe,7771,1588,305679,229385,229395,34750,4308,1,37225,0,28831,0,0,0,205
2,17,moe,7498,1545,458363,374963,374972,36772,5070,3,41546,0,27281,0,0,0,213
2,18,moe,7961,1625,359001,277439,277450,39571,4344,1,37635,0,19584,0,0,0,217
2,19,moe,5547,1533,324405,242434,242448,36606,4834,1,40516,0,35100,0,0,0,216
2,20,moe,7621,1735,349842,267442,267453,38766,5108,2,38513,0,17861,0,0,0,226
2,21,moe,8096,1702,315123,234237,234242,36492,4775,2,39612,0,24308,0,0,0,211
2,22,moe,8211,1507,312565,235503,235515,35572,4690,1,36787,0,29512,0,0,0,208
2,23,moe,5124,1478,325430,246752,246765,36832,4399,2,37432,0,28187,0,0,0,216
2,24,moe,8223,1534,314704,234865,234878,35512,5027,3,39284,0,31335,0,0,0,205
2,25,moe,9982,1528,314391,236981,236989,35201,4543,3,37655,0,18357,0,0,0,205
2,26,moe,4805,1,4,0,0,0,0,0,4,0,213,0,0,0,0
2,-1,epi,0,0,0,0,0,0,0,0,151,0,0,0,0,0,0
3,-2,pre,894,0,0,0,0,0,0,0,0,0,0,0,0,0,0
3,0,dense,34652,0,0,0,0,0,0,0,0,0,0,0,0,0,0
3,1,moe,10491,222,27627,25536,25538,0,1859,2,228,0,1599,26,2,24,26
3,2,moe,987,121,26647,24697,24699,0,1743,2,203,0,1433,24,1,23,24
3,3,moe,13781,198,28136,25603,25604,0,2317,1,214,0,1579,24,0,24,24
3,4,moe,1082,171,17915,16668,16668,0,1085,1,161,0,1785,16,0,16,16
3,5,moe,886,477,19457,18125,18127,0,1161,1,168,0,1448,18,1,17,18
3,6,moe,978,248,22079,19956,19956,0,1946,1,176,0,1570,20,1,19,20
3,7,moe,1613,197,21570,20125,20125,0,1274,1,170,0,1731,22,3,19,22
3,8,moe,1004,204,18215,16915,16916,0,1141,1,157,0,1782,18,2,16,18
3,9,moe,1092,148,20359,18868,18869,0,1309,1,180,0,1298,21,3,18,21
3,10,moe,966,306,22330,20815,20815,0,1338,0,177,0,1778,25,5,20,25
3,11,moe,997,164,22166,20472,20473,0,1519,0,174,0,1472,24,5,19,24
3,12,moe,1193,201,21780,20328,20328,0,1290,0,162,0,2178,20,2,18,20
3,13,moe,1567,235,22392,20859,20861,0,1355,1,175,0,2307,21,2,19,21
3,14,moe,1482,244,22226,20687,20688,0,1360,0,178,0,3103,20,1,19,20
3,15,moe,1565,186,24515,22704,22705,0,1627,1,182,0,4559,23,2,21,23
3,16,moe,2689,183,27188,25291,25291,0,1696,1,200,0,4441,24,1,23,24
3,17,moe,3123,173,27337,25371,25371,0,1772,1,193,0,2399,24,1,23,24
3,18,moe,1744,148,25692,23875,23875,0,1638,1,178,0,2536,23,2,21,23
3,19,moe,1344,153,28028,25705,25705,0,2130,1,192,0,2768,25,2,23,25
3,20,moe,2499,573,25615,23683,23683,0,1708,1,223,0,3280,24,2,22,24
3,21,moe,2184,331,28921,26923,26926,0,1776,7,212,0,3020,24,0,24,24
3,22,moe,2226,160,30336,28237,28238,0,1894,1,203,0,4155,26,0,26,26
3,23,moe,2271,157,28307,26308,26308,0,1802,0,197,0,3163,25,0,25,25
3,24,moe,2066,143,8156,6433,6433,0,1531,1,191,0,2424,23,3,20,23
3,25,moe,861,436,9655,7804,7805,0,1659,1,190,0,1539,26,2,24,26
3,26,moe,955,137,6871,5938,5938,0,863,1,69,0,982,8,3,5,8
3,-1,epi,0,0,0,0,0,0,0,0,4351,0,0,0,0,0,0
4,-2,pre,334,0,0,0,0,0,0,0,0,0,0,0,0,0,0
4,0,dense,7848,0,0,0,0,0,0,0,0,0,0,0,0,0,0
4,1,moe,749,212,7562,6916,6917,0,559,1,85,0,1194,8,2,6,8
4,2,moe,1500,307,5793,5251,5251,0,452,1,89,0,1489,8,3,5,8
4,3,moe,13532,257,3546,3251,3251,0,232,0,63,0,1619,8,5,3,8
4,4,moe,2855,129,4573,4243,4243,0,266,1,63,0,1650,8,4,4,8
4,5,moe,2699,166,4854,4494,4494,0,297,1,62,0,1125,8,4,4,8
4,6,moe,859,251,2358,2197,2197,0,113,0,48,0,504,8,6,2,8
4,7,moe,551,403,1134,1050,1050,0,54,0,30,0,500,8,7,1,8
4,8,moe,735,191,3584,3340,3341,0,190,0,53,0,682,8,5,3,8
4,9,moe,928,112,3572,3332,3332,0,190,0,50,0,886,8,5,3,8
4,10,moe,867,212,3693,3322,3322,0,313,0,58,0,501,8,5,3,8
4,11,moe,556,178,3507,3241,3241,0,214,0,52,0,1206,8,5,3,8
4,12,moe,819,238,2628,2373,2373,0,213,1,41,0,482,8,6,2,8
4,13,moe,739,201,6037,5420,5420,0,538,1,78,0,626,8,3,5,8
4,14,moe,893,150,3401,3112,3112,0,241,0,48,0,783,8,5,3,8
4,15,moe,614,214,3554,3175,3175,0,320,1,58,0,587,8,5,3,8
4,16,moe,722,213,2345,2159,2159,0,143,0,43,0,1168,8,6,2,8
4,17,moe,776,217,4925,4395,4395,0,471,1,58,0,558,8,4,4,8
4,18,moe,728,222,2384,2222,2222,0,123,0,39,0,500,8,6,2,8
4,19,moe,565,171,1184,1102,1103,0,55,0,26,0,532,8,7,1,8
4,20,moe,801,191,2406,2244,2244,0,121,0,41,0,503,8,6,2,8
4,21,moe,750,210,1274,1193,1193,0,53,0,28,0,473,8,7,1,8
4,22,moe,728,206,2343,2143,2143,0,164,1,35,0,1226,8,6,2,8
4,23,moe,753,172,3770,3279,3279,0,435,1,55,0,561,8,5,3,8
4,24,moe,747,205,1389,1066,1066,0,268,0,55,0,1119,8,4,4,8
4,25,moe,847,216,1898,1321,1321,0,499,1,77,0,501,8,4,4,8
4,26,moe,556,184,6331,5375,5375,0,890,0,66,0,617,8,3,5,8
4,-1,epi,0,0,0,0,0,0,0,0,4501,0,0,0,0,0,0
5,-2,pre,267,0,0,0,0,0,0,0,0,0,0,0,0,0,0
5,0,dense,1248,0,0,0,0,0,0,0,0,0,0,0,0,0,0
5,1,moe,776,131,4796,4480,4480,0,255,1,60,0,1095,8,4,4,8
5,2,moe,756,212,2321,2152,2152,0,124,0,45,0,1184,8,6,2,8
5,3,moe,715,270,1345,1170,1170,0,128,0,47,0,554,8,7,1,8
5,4,moe,726,208,1192,1111,1111,0,54,0,27,0,463,8,7,1,8
5,5,moe,934,185,1180,1104,1104,0,54,0,22,0,479,8,7,1,8
5,6,moe,746,220,1221,1143,1143,0,53,0,25,0,527,8,7,1,8
5,7,moe,654,147,1226,1137,1137,0,53,1,35,0,497,8,7,1,8
5,8,moe,733,207,1218,1139,1139,0,56,0,23,0,469,8,7,1,8
5,9,moe,735,209,2311,2148,2148,0,130,0,33,0,591,8,6,2,8
5,10,moe,962,102,3494,3246,3246,0,202,0,46,0,1352,8,5,3,8
5,11,moe,586,188,2398,2225,2225,0,137,1,35,0,1066,8,6,2,8
5,12,moe,967,270,2369,2208,2208,0,118,0,43,0,1006,8,6,2,8
5,13,moe,874,206,3477,3197,3197,0,235,0,45,0,714,8,5,3,8
5,14,moe,984,200,27,0,0,0,0,0,27,0,509,8,8,0,8
5,15,moe,667,148,2495,2327,2327,0,133,0,35,0,534,8,6,2,8
5,16,moe,762,176,3521,3227,3227,0,245,0,49,0,666,8,5,3,8
5,17,moe,883,134,3577,3312,3312,0,205,0,60,0,554,8,5,3,8
5,18,moe,768,209,2365,2198,2198,0,133,0,34,0,563,8,6,2,8
5,19,moe,747,144,2365,2170,2170,0,155,0,40,0,1033,8,6,2,8
5,20,moe,1012,215,1225,1147,1147,0,52,0,26,0,480,8,7,1,8
5,21,moe,780,201,1174,1068,1068,0,80,0,26,0,663,8,7,1,8
5,22,moe,1047,103,2384,2184,2184,0,160,1,39,0,1145,8,6,2,8
5,23,moe,656,186,1194,1111,1111,0,55,0,28,0,528,8,7,1,8
5,24,moe,778,251,19,0,0,0,0,0,19,0,427,8,8,0,8
5,25,moe,904,114,399,308,308,0,54,0,37,0,475,8,7,1,8
5,26,moe,561,200,2833,2395,2395,0,396,1,41,0,545,8,6,2,8
5,-1,epi,0,0,0,0,0,0,0,0,3482,0,0,0,0,0,0
6,-2,pre,282,0,0,0,0,0,0,0,0,0,0,0,0,0,0
6,0,dense,1593,0,0,0,0,0,0,0,0,0,0,0,0,0,0
6,1,moe,899,222,2408,2247,2247,0,122,0,39,0,497,8,6,2,8
6,2,moe,737,207,7714,6756,6756,0,862,3,93,0,604,8,2,6,8
6,3,moe,611,205,3386,3136,3136,0,199,1,50,0,715,8,5,3,8
6,4,moe,865,108,5600,5213,5213,0,324,0,63,0,905,8,3,5,8
6,5,moe,790,193,6887,6403,6403,0,400,0,84,0,986,8,2,6,8
6,6,moe,790,209,3477,3229,3229,0,187,1,60,0,505,8,5,3,8
6,7,moe,562,193,4558,4238,4239,0,262,0,57,0,935,8,4,4,8
6,8,moe,802,217,6735,6271,6272,0,391,1,71,0,1273,8,2,6,8
6,9,moe,2284,338,4678,4225,4225,0,375,1,77,0,1298,8,4,4,8
6,10,moe,2388,328,3646,3406,3406,0,186,0,54,0,510,8,5,3,8
6,11,moe,555,258,4589,4237,4237,0,297,0,55,0,738,8,4,4,8
6,12,moe,801,129,4544,4225,4225,0,254,0,65,0,540,8,4,4,8
6,13,moe,753,206,5713,5309,5309,0,337,1,66,0,522,8,3,5,8
6,14,moe,755,414,3348,3100,3100,0,201,0,47,0,1067,8,5,3,8
6,15,moe,702,190,5791,5401,5402,0,328,0,61,0,539,8,3,5,8
6,16,moe,732,183,4592,4265,4265,0,265,0,62,0,1336,8,4,4,8
6,17,moe,3024,354,1243,1146,1146,0,58,1,38,0,1332,8,7,1,8
6,18,moe,2495,212,4732,4385,4385,0,291,1,55,0,1718,8,4,4,8
6,19,moe,1428,157,3471,3225,3225,0,198,0,48,0,1074,8,5,3,8
6,20,moe,776,201,2277,2104,2104,0,135,0,38,0,1192,8,6,2,8
6,21,moe,1017,114,2389,2213,2214,0,140,0,35,0,1104,8,6,2,8
6,22,moe,854,216,1204,1123,1124,0,53,0,27,0,501,8,7,1,8
6,23,moe,580,194,3629,3380,3380,0,191,0,58,0,535,8,5,3,8
6,24,moe,758,205,1813,1413,1413,0,338,0,62,0,784,8,3,5,8
6,25,moe,781,202,1419,1091,1091,0,271,1,56,0,875,8,4,4,8
6,26,moe,751,118,6283,5345,5345,0,864,1,73,0,1031,8,3,5,8
6,-1,epi,0,0,0,0,0,0,0,0,4436,0,0,0,0,0,0
7,-2,pre,320,0,0,0,0,0,0,0,0,0,0,0,0,0,0
7,0,dense,1354,0,0,0,0,0,0,0,0,0,0,0,0,0,0
7,1,moe,759,210,8158,7612,7614,0,462,1,81,0,1049,8,1,7,8
7,2,moe,750,199,5770,5365,5365,0,328,0,77,0,513,8,3,5,8
7,3,moe,566,257,5786,5365,5367,0,344,0,75,0,689,8,3,5,8
7,4,moe,932,132,3482,3170,3170,0,262,0,50,0,539,8,5,3,8
7,5,moe,783,206,5786,5386,5386,0,329,0,71,0,588,8,3,5,8
7,6,moe,748,218,3794,3555,3555,0,191,0,48,0,1062,8,5,3,8
7,7,moe,623,146,7241,6774,6774,0,394,0,73,0,1507,8,2,6,8
7,8,moe,2552,236,5993,5579,5579,0,346,0,68,0,1498,8,3,5,8
7,9,moe,2745,156,5827,5389,5390,0,370,1,66,0,1572,8,3,5,8
7,10,moe,2760,167,6078,5648,5648,0,366,1,63,0,1132,8,3,5,8
7,11,moe,799,262,5044,4683,4683,0,301,0,60,0,1008,8,4,4,8
7,12,moe,829,196,8452,7835,7836,0,532,0,84,0,898,8,1,7,8
7,13,moe,821,215,4789,4474,4474,0,260,0,55,0,1073,8,4,4,8
7,14,moe,2352,376,4818,4481,4481,0,266,0,71,0,1674,8,4,4,8
7,15,moe,1627,343,7177,6667,6668,0,432,1,76,0,1251,8,2,6,8
7,16,moe,1095,213,7098,6629,6629,0,397,1,71,0,1039,8,2,6,8
7,17,moe,839,201,6442,5770,5770,0,598,1,73,0,513,8,3,5,8
7,18,moe,744,196,3715,3483,3483,0,183,1,48,0,1036,8,5,3,8
7,19,moe,682,191,7441,6943,6943,0,425,1,72,0,1347,8,2,6,8
7,20,moe,2318,298,4807,4428,4428,0,307,0,72,0,1279,8,4,4,8
7,21,moe,2172,329,4984,4573,4574,0,338,1,71,0,1723,8,4,4,8
7,22,moe,877,217,5147,4739,4739,0,332,1,75,0,521,8,4,4,8
7,23,moe,560,180,3650,3396,3396,0,204,1,49,0,1140,8,5,3,8
7,24,moe,833,110,3274,2869,2869,0,333,0,72,0,906,8,3,5,8
7,25,moe,961,217,715,552,552,0,115,0,48,0,473,8,6,2,8
7,26,moe,545,197,5153,4402,4402,0,697,0,54,0,1003,8,4,4,8
7,-1,epi,0,0,0,0,0,0,0,0,3505,0,0,0,0,0,0
8,-2,pre,315,0,0,0,0,0,0,0,0,0,0,0,0,0,0
8,0,dense,1555,0,0,0,0,0,0,0,0,0,0,0,0,0,0
8,1,moe,1077,112,8319,7740,7740,0,498,1,80,0,965,8,1,7,8
8,2,moe,893,221,3663,3426,3426,0,185,1,51,0,1038,8,5,3,8
8,3,moe,611,195,6266,5862,5862,0,336,0,68,0,535,8,3,5,8
8,4,moe,744,206,6052,5348,5348,0,613,1,90,0,593,8,3,5,8
8,5,moe,742,202,3551,3302,3302,0,190,0,59,0,503,8,5,3,8
8,6,moe,1645,292,5969,5576,5576,0,332,1,60,0,1730,8,3,5,8
8,7,moe,1522,305,3398,3113,3113,0,223,0,62,0,1282,8,5,3,8
8,8,moe,2650,640,6018,5420,5420,0,514,1,83,0,517,8,3,5,8
8,9,moe,735,196,4729,4388,4390,0,282,0,57,0,517,8,4,4,8
8,10,moe,860,256,6883,6423,6423,0,388,1,71,0,1139,8,2,6,8
8,11,moe,691,189,2450,2247,2247,0,165,0,38,0,560,8,6,2,8
8,12,moe,748,210,7485,6814,6814,0,594,1,76,0,705,8,2,6,8
8,13,moe,977,231,2425,2268,2268,0,117,0,40,0,493,8,6,2,8
8,14,moe,735,191,3616,3369,3369,0,196,1,50,0,613,8,5,3,8
8,15,moe,674,169,2334,2173,2173,0,121,0,40,0,1749,8,6,2,8
8,16,moe,2188,293,7100,6594,6594,0,434,1,71,0,1300,8,2,6,8
8,17,moe,2410,317,2397,2206,2206,0,142,1,48,0,550,8,6,2,8
8,18,moe,733,395,1163,1082,1082,0,53,0,28,0,478,8,7,1,8
8,19,moe,547,194,1626,1540,1540,0,59,0,27,0,683,8,7,1,8
8,20,moe,866,131,1193,1111,1111,0,53,0,29,0,495,8,7,1,8
8,21,moe,748,206,2696,2544,2544,0,116,0,36,0,483,8,6,2,8
8,22,moe,730,196,3902,3469,3469,0,383,1,49,0,559,8,5,3,8
8,23,moe,524,178,19,0,0,0,0,0,19,0,520,8,8,0,8
8,24,moe,732,416,3486,3211,3212,0,224,1,49,0,1144,8,5,3,8
8,25,moe,819,219,378,284,284,0,65,0,29,0,692,8,7,1,8
8,26,moe,692,195,4058,3419,3419,0,587,0,52,0,915,8,5,3,8
8,-1,epi,0,0,0,0,0,0,0,0,3747,0,0,0,0,0,0
9,-2,pre,318,0,0,0,0,0,0,0,0,0,0,0,0,0,0
9,0,dense,1394,0,0,0,0,0,0,0,0,0,0,0,0,0,0
9,1,moe,760,417,5508,4924,4924,0,519,1,64,0,661,8,3,5,8
9,2,moe,892,124,3501,3259,3259,0,198,0,44,0,516,8,5,3,8
9,3,moe,539,189,3678,3296,3296,0,332,0,50,0,517,8,5,3,8
9,4,moe,875,131,3531,3284,3284,0,187,1,59,0,518,8,5,3,8
9,5,moe,730,201,5799,5407,5407,0,330,1,61,0,541,8,3,5,8
9,6,moe,949,200,3659,3419,3420,0,188,0,51,0,653,8,5,3,8
9,7,moe,677,133,7366,6862,6864,0,422,1,79,0,1020,8,2,6,8
9,8,moe,834,297,2450,2261,2261,0,144,1,44,0,495,8,6,2,8
9,9,moe,726,213,1144,1051,1051,0,60,0,33,0,1341,8,7,1,8
9,10,moe,2239,317,4999,4550,4550,0,388,1,60,0,1698,8,4,4,8
9,11,moe,1691,298,4915,4530,4530,0,321,0,64,0,1363,8,4,4,8
9,12,moe,1105,190,6289,5867,5867,0,335,0,87,0,530,8,3,5,8
9,13,moe,747,207,3536,3269,3269,0,206,0,61,0,1145,8,5,3,8
9,14,moe,798,239,3611,3375,3375,0,188,0,48,0,518,8,5,3,8
9,15,moe,546,403,2372,2222,2223,0,113,1,35,0,1055,8,6,2,8
9,16,moe,798,214,5772,5378,5378,0,327,1,66,0,582,8,3,5,8
9,17,moe,736,207,4913,4399,4399,0,446,0,68,0,484,8,4,4,8
9,18,moe,736,192,3604,3354,3355,0,199,0,50,0,1079,8,5,3,8
9,19,moe,685,234,2497,2336,2336,0,124,0,37,0,494,8,6,2,8
9,20,moe,742,207,3692,3442,3442,0,202,1,47,0,905,8,5,3,8
9,21,moe,823,188,4766,4396,4397,0,311,1,57,0,909,8,4,4,8
9,22,moe,1014,195,3574,3292,3293,0,233,1,47,0,780,8,5,3,8
9,23,moe,565,107,3509,3230,3231,0,223,0,55,0,1379,8,5,3,8
9,24,moe,832,204,3882,3465,3465,0,363,1,53,0,486,8,5,3,8
9,25,moe,820,191,1891,1615,1615,0,227,0,49,0,689,8,5,3,8
9,26,moe,593,180,6511,5749,5749,0,683,0,79,0,565,8,3,5,8
9,-1,epi,0,0,0,0,0,0,0,0,3468,0,0,0,0,0,0
10,-2,pre,349,0,0,0,0,0,0,0,0,0,0,0,0,0,0
10,0,dense,1318,0,0,0,0,0,0,0,0,0,0,0,0,0,0
10,1,moe,800,216,3580,3340,3340,0,192,0,48,0,1256,8,5,3,8
10,2,moe,778,265,4859,4473,4474,0,319,1,65,0,504,8,4,4,8
10,3,moe,563,182,3705,3451,3451,0,207,0,47,0,533,8,5,3,8
10,4,moe,771,208,2353,2199,2199,0,116,0,38,0,550,8,6,2,8
10,5,moe,949,109,2706,2536,2536,0,129,0,41,0,669,8,6,2,8
10,6,moe,751,219,4798,4436,4436,0,301,0,61,0,732,8,4,4,8
10,7,moe,718,118,2989,2822,2822,0,130,0,37,0,515,8,6,2,8
10,8,moe,805,201,2290,2114,2114,0,134,0,42,0,567,8,6,2,8
10,9,moe,1045,109,3668,3407,3407,0,213,1,47,0,1189,8,5,3,8
10,10,moe,924,211,4723,4410,4410,0,260,0,53,0,518,8,4,4,8
10,11,moe,562,191,3514,3247,3248,0,218,0,48,0,1197,8,5,3,8
10,12,moe,883,306,2464,2297,2297,0,130,1,36,0,495,8,6,2,8
10,13,moe,743,212,2329,2159,2159,0,133,1,36,0,1194,8,6,2,8
10,14,moe,890,200,3578,3348,3348,0,188,1,41,0,592,8,5,3,8
10,15,moe,554,156,2395,2226,2226,0,132,1,36,0,507,8,6,2,8
10,16,moe,756,202,2498,2316,2316,0,144,0,38,0,730,8,6,2,8
10,17,moe,830,103,1193,1110,1110,0,54,0,29,0,482,8,7,1,8
10,18,moe,930,220,2667,2350,2351,0,277,0,39,0,1317,8,6,2,8
10,19,moe,668,121,2623,2462,2462,0,120,0,41,0,505,8,6,2,8
10,20,moe,749,188,1220,1135,1135,0,52,0,33,0,459,8,7,1,8
10,21,moe,745,217,3033,2697,2698,0,283,0,52,0,834,8,6,2,8
10,22,moe,955,105,3010,2691,2691,0,276,0,43,0,1024,8,6,2,8
10,23,moe,584,179,1154,1073,1073,0,53,1,27,0,517,8,7,1,8
10,24,moe,808,227,2535,2385,2385,0,117,0,33,0,502,8,6,2,8
10,25,moe,745,195,4058,3456,3456,0,543,0,59,0,1446,8,4,4,8
10,26,moe,712,188,1305,1180,1181,0,91,0,33,0,419,8,7,1,8
10,-1,epi,0,0,0,0,0,0,0,0,3639,0,0,0,0,0,0
11,-2,pre,370,0,0,0,0,0,0,0,0,0,0,0,0,0,0
11,0,dense,1255,0,0,0,0,0,0,0,0,0,0,0,0,0,0
11,1,moe,810,213,3794,3550,3550,0,193,1,50,0,515,8,5,3,8
11,2,moe,737,221,2493,2234,2234,0,220,1,38,0,1277,8,6,2,8
11,3,moe,735,285,5142,4539,4540,0,543,1,58,0,1635,8,4,4,8
11,4,moe,776,211,3053,2645,2645,0,367,1,40,0,703,8,6,2,8
11,5,moe,912,110,1267,1179,1179,0,53,0,35,0,493,8,7,1,8
11,6,moe,947,224,1171,1087,1087,0,56,0,28,0,468,8,7,1,8
11,7,moe,545,190,2677,2299,2299,0,340,1,37,0,720,8,6,2,8
11,8,moe,934,105,2703,2387,2387,0,272,0,44,0,884,8,6,2,8
11,9,moe,751,211,2666,2305,2305,0,317,1,43,0,697,8,6,2,8
11,10,moe,851,224,1658,1496,1496,0,119,0,43,0,504,8,6,2,8
11,11,moe,543,184,4060,3519,3519,0,490,0,51,0,1282,8,5,3,8
11,12,moe,907,115,1518,1374,1374,0,115,0,29,0,439,8,7,1,8
11,13,moe,724,207,1165,1083,1083,0,53,0,29,0,475,8,7,1,8
11,14,moe,725,196,4321,4027,4028,0,245,0,48,0,667,8,5,3,8
11,15,moe,660,131,1314,1233,1233,0,53,1,27,0,745,8,7,1,8
11,16,moe,752,196,1179,1099,1099,0,56,0,24,0,458,8,7,1,8
11,17,moe,733,200,2271,2110,2110,0,125,1,35,0,525,8,6,2,8
11,18,moe,913,156,4001,3752,3752,0,203,0,46,0,514,8,5,3,8
11,19,moe,549,159,4086,3709,3709,0,320,0,57,0,591,8,5,3,8
11,20,moe,759,210,2373,2217,2218,0,117,0,38,0,484,8,6,2,8
11,21,moe,728,197,3861,3599,3599,0,208,0,54,0,663,8,5,3,8
11,22,moe,939,109,2346,2183,2183,0,125,0,38,0,491,8,6,2,8
11,23,moe,541,198,1232,1138,1138,0,54,1,39,0,502,8,7,1,8
11,24,moe,773,147,1153,1049,1049,0,73,0,31,0,514,8,7,1,8
11,25,moe,864,113,1194,1112,1112,0,54,0,28,0,484,8,7,1,8
11,26,moe,773,195,16,0,0,0,0,0,16,0,458,8,8,0,8
11,-1,epi,0,0,0,0,0,0,0,0,3288,0,0,0,0,0,0
12,-2,pre,323,0,0,0,0,0,0,0,0,0,0,0,0,0,0
12,0,dense,1650,0,0,0,0,0,0,0,0,0,0,0,0,0,0
12,1,moe,875,105,5857,4851,4851,0,924,1,81,0,1405,8,4,4,8
12,2,moe,915,132,2415,2260,2260,0,114,1,40,0,501,8,6,2,8
12,3,moe,778,188,3198,2497,2497,0,652,0,49,0,1340,8,6,2,8
12,4,moe,856,228,4397,3526,3526,0,818,0,53,0,886,8,5,3,8
12,5,moe,767,206,3253,2987,2987,0,219,0,47,0,656,8,5,3,8
12,6,moe,758,99,1247,1163,1163,0,51,0,33,0,489,8,7,1,8
12,7,moe,542,385,5085,4334,4334,0,700,0,51,0,875,8,5,3,8
12,8,moe,867,102,35,0,0,0,0,0,35,0,529,8,8,0,8
12,9,moe,774,197,345,264,264,0,54,0,27,0,698,8,7,1,8
12,10,moe,736,196,3686,3054,3055,0,579,1,51,0,1325,8,5,3,8
12,11,moe,666,278,3642,3404,3404,0,188,0,50,0,496,8,5,3,8
12,12,moe,724,189,20,0,0,0,0,0,20,0,470,8,8,0,8
12,13,moe,761,205,1279,1200,1200,0,53,0,26,0,573,8,7,1,8
12,14,moe,893,108,1302,1197,1197,0,62,0,43,0,564,8,7,1,8
12,15,moe,576,188,1273,1189,1189,0,54,0,30,0,484,8,7,1,8
12,16,moe,720,196,1537,1381,1381,0,123,0,33,0,1259,8,6,2,8
12,17,moe,821,121,2417,2263,2263,0,114,0,40,0,501,8,6,2,8
12,18,moe,953,191,5143,4233,4233,0,839,0,71,0,1472,8,5,3,8
12,19,moe,806,174,2409,2251,2251,0,115,0,43,0,500,8,6,2,8
12,20,moe,724,199,3815,3420,3420,0,350,0,45,0,681,8,5,3,8
12,21,moe,885,119,2606,2421,2421,0,134,0,51,0,529,8,6,2,8
12,22,moe,755,200,5908,5495,5497,0,346,1,64,0,1087,8,3,5,8
12,23,moe,710,180,5329,4828,4828,0,442,1,58,0,706,8,4,4,8
12,24,moe,831,117,6641,5888,5888,0,673,1,79,0,1166,8,3,5,8
12,25,moe,789,246,3577,3262,3262,0,261,0,54,0,1695,8,5,3,8
12,26,moe,1900,304,2436,2275,2275,0,122,0,39,0,1162,8,6,2,8
12,-1,epi,0,0,0,0,0,0,0,0,4376,0,0,0,0,0,0
13,-2,pre,325,0,0,0,0,0,0,0,0,0,0,0,0,0,0
13,0,dense,1322,0,0,0,0,0,0,0,0,0,0,0,0,0,0
13,1,moe,768,157,4747,4413,4413,0,271,0,63,0,1167,8,4,4,8
13,2,moe,794,206,1184,1098,1098,0,54,0,32,0,523,8,7,1,8
13,3,moe,580,160,2614,2306,2306,0,273,0,35,0,451,8,6,2,8
13,4,moe,755,197,2322,2163,2163,0,123,0,36,0,514,8,6,2,8
13,5,moe,735,196,347,264,264,0,56,0,27,0,485,8,7,1,8
13,6,moe,774,191,1235,1155,1155,0,53,0,27,0,564,8,7,1,8
13,7,moe,602,95,3549,3293,3293,0,200,0,56,0,539,8,5,3,8
13,8,moe,755,199,4964,4648,4648,0,259,1,56,0,526,8,4,4,8
13,9,moe,749,197,2746,2475,2475,0,222,1,48,0,1095,8,5,3,8
13,10,moe,812,206,1703,1393,1393,0,275,1,34,0,569,8,6,2,8
13,11,moe,596,192,2696,2434,2434,0,201,0,61,0,552,8,5,3,8
13,12,moe,762,200,1507,1360,1360,0,112,0,35,0,1104,8,6,2,8
13,13,moe,814,170,16,0,0,0,0,0,16,0,734,8,8,0,8
13,14,moe,928,132,3511,3252,3252,0,197,0,62,0,541,8,5,3,8
13,15,moe,567,200,2569,2401,2401,0,131,0,37,0,942,8,6,2,8
13,16,moe,834,163,3993,3657,3657,0,278,0,58,0,524,8,4,4,8
13,17,moe,754,193,4909,4564,4564,0,275,0,70,0,504,8,4,4,8
13,18,moe,759,202,4643,4315,4315,0,274,0,54,0,1048,8,4,4,8
13,19,moe,726,246,3477,3239,3240,0,188,0,49,0,872,8,5,3,8
13,20,moe,858,194,2275,2117,2117,0,122,0,36,0,858,8,6,2,8
13,21,moe,833,311,3585,3343,3343,0,199,1,42,0,1284,8,5,3,8
13,22,moe,774,206,2736,2472,2472,0,210,0,54,0,1072,8,5,3,8
13,23,moe,707,260,1245,1159,1159,0,53,0,33,0,512,8,7,1,8
13,24,moe,750,219,2363,2201,2201,0,127,1,34,0,1146,8,6,2,8
13,25,moe,795,174,2321,2157,2157,0,126,0,38,0,521,8,6,2,8
13,26,moe,703,136,22,0,0,0,0,1,21,0,606,8,8,0,8
13,-1,epi,0,0,0,0,0,0,0,0,3406,0,0,0,0,0,0
14,-2,pre,382,0,0,0,0,0,0,0,0,0,0,0,0,0,0
14,0,dense,1346,0,0,0,0,0,0,0,0,0,0,0,0,0,0
14,1,moe,777,173,3923,3556,3556,0,303,0,64,0,1273,8,4,4,8
14,2,moe,807,196,3636,3325,3325,0,258,0,53,0,695,8,5,3,8
14,3,moe,719,133,3671,3408,3408,0,215,0,48,0,588,8,5,3,8
14,4,moe,767,201,3654,3392,3392,0,212,0,50,0,731,8,5,3,8
14,5,moe,961,204,21,0,0,0,0,1,20,0,471,8,8,0,8
14,6,moe,711,292,16,0,0,0,0,0,16,0,554,8,8,0,8
14,7,moe,546,197,1206,1124,1124,0,54,0,28,0,465,8,7,1,8
14,8,moe,721,207,3734,3502,3502,0,188,0,44,0,513,8,5,3,8
14,9,moe,738,201,20,0,0,0,0,0,20,0,640,8,8,0,8
14,10,moe,746,201,3851,3370,3370,0,434,1,46,0,1249,8,5,3,8
14,11,moe,679,136,1220,1139,1139,0,54,0,27,0,508,8,7,1,8
14,12,moe,731,199,2524,2177,2177,0,300,1,46,0,1213,8,6,2,8
14,13,moe,794,215,3499,3266,3266,0,192,0,41,0,511,8,5,3,8
14,14,moe,743,198,30,0,0,0,0,0,30,0,553,8,8,0,8
14,15,moe,546,199,1158,1079,1079,0,55,0,24,0,464,8,7,1,8
14,16,moe,716,193,2481,2316,2316,0,130,0,35,0,550,8,6,2,8
14,17,moe,941,108,1240,1159,1160,0,53,1,26,0,645,8,7,1,8
14,18,moe,754,182,1163,1079,1079,0,58,0,26,0,485,8,7,1,8
14,19,moe,535,189,4945,4630,4631,0,262,0,52,0,1085,8,4,4,8
14,20,moe,893,194,2588,2276,2276,0,272,0,40,0,1133,8,6,2,8
14,21,moe,863,159,1199,1101,1101,0,63,1,34,0,527,8,7,1,8
14,22,moe,712,189,1334,1254,1254,0,53,0,27,0,517,8,7,1,8
14,23,moe,555,201,2516,2192,2192,0,289,1,34,0,1321,8,6,2,8
14,24,moe,868,96,2323,2167,2167,0,117,0,39,0,504,8,6,2,8
14,25,moe,742,146,2542,2227,2227,0,277,0,38,0,1402,8,6,2,8
14,26,moe,700,153,1431,1326,1326,0,76,0,29,0,555,8,7,1,8
14,-1,epi,0,0,0,0,0,0,0,0,3282,0,0,0,0,0,0
15,-2,pre,352,0,0,0,0,0,0,0,0,0,0,0,0,0,0
15,0,dense,1297,0,0,0,0,0,0,0,0,0,0,0,0,0,0
15,1,moe,791,221,4895,4482,4482,0,336,1,76,0,519,8,3,5,8
15,2,moe,746,204,2272,2111,2111,0,118,0,43,0,926,8,6,2,8
15,3,moe,686,187,4736,4406,4406,0,267,0,63,0,513,8,4,4,8
15,4,moe,730,286,1179,1097,1097,0,53,0,29,0,467,8,7,1,8
15,5,moe,738,205,1180,1094,1094,0,61,0,25,0,510,8,7,1,8
15,6,moe,832,193,3787,3523,3524,0,220,0,43,0,1534,8,5,3,8
15,7,moe,612,197,1227,1146,1146,0,55,0,26,0,501,8,7,1,8
15,8,moe,774,219,2414,2219,2219,0,150,1,44,0,671,8,6,2,8
15,9,moe,761,203,2346,2193,2193,0,113,0,40,0,485,8,6,2,8
15,10,moe,754,212,1641,1467,1468,0,135,0,38,0,586,8,6,2,8
15,11,moe,758,174,20,0,0,0,0,0,20,0,623,8,8,0,8
15,12,moe,727,215,4135,3878,3878,0,210,0,47,0,564,8,5,3,8
15,13,moe,759,213,5608,4748,4748,0,788,1,71,0,1552,8,3,5,8
15,14,moe,786,208,5770,5270,5270,0,422,0,78,0,501,8,4,4,8
15,15,moe,550,175,4928,3908,3908,0,955,1,64,0,1438,8,5,3,8
15,16,moe,987,166,4074,3522,3522,0,501,1,50,0,565,8,5,3,8
15,17,moe,772,190,3824,3545,3545,0,231,0,48,0,603,8,5,3,8
15,18,moe,869,103,3691,3435,3436,0,207,0,48,0,1053,8,5,3,8
15,19,moe,662,165,3533,3255,3255,0,218,0,60,0,487,8,5,3,8
15,20,moe,742,203,2336,2181,2183,0,114,0,39,0,482,8,6,2,8
15,21,moe,733,207,3911,3486,3486,0,369,1,55,0,555,8,5,3,8
15,22,moe,728,202,5142,4727,4727,0,351,1,63,0,1110,8,3,5,8
15,23,moe,685,205,3634,3397,3397,0,188,0,49,0,1208,8,5,3,8
15,24,moe,776,198,4800,4370,4370,0,367,1,62,0,1487,8,4,4,8
15,25,moe,3153,154,6345,5941,5941,0,333,0,71,0,535,8,3,5,8
15,26,moe,564,177,5815,5411,5411,0,341,0,63,0,733,8,3,5,8
15,-1,epi,0,0,0,0,0,0,0,0,4350,0,0,0,0,0,0
16,-2,pre,401,0,0,0,0,0,0,0,0,0,0,0,0,0,0
16,0,dense,1273,0,0,0,0,0,0,0,0,0,0,0,0,0,0
16,1,moe,745,186,6260,5861,5862,0,323,1,74,0,902,8,3,5,8
16,2,moe,755,220,4710,4335,4335,0,316,0,59,0,710,8,4,4,8
16,3,moe,693,153,4616,4280,4280,0,285,0,51,0,1160,8,4,4,8
16,4,moe,811,211,3684,3445,3446,0,186,1,51,0,531,8,5,3,8
16,5,moe,949,223,6221,5783,5783,0,362,1,75,0,728,8,3,5,8
16,6,moe,928,241,6439,5950,5950,0,426,0,63,0,704,8,3,5,8
16,7,moe,707,237,6583,6016,6016,0,480,1,86,0,1492,8,2,6,8
16,8,moe,2801,155,4771,4445,4445,0,266,0,60,0,1487,8,4,4,8
16,9,moe,2598,165,3912,3665,3665,0,197,1,49,0,503,8,5,3,8
16,10,moe,741,189,6521,6020,6021,0,426,1,73,0,1212,8,2,6,8
16,11,moe,679,187,6192,5692,5692,0,419,0,81,0,527,8,3,5,8
16,12,moe,744,196,7367,6609,6609,0,669,0,89,0,478,8,2,6,8
16,13,moe,747,188,5689,5274,5274,0,350,1,64,0,1588,8,3,5,8
16,14,moe,2947,168,5847,5433,5433,0,345,0,69,0,1409,8,3,5,8
16,15,moe,1480,169,6405,5952,5952,0,371,0,82,0,1617,8,3,5,8
16,16,moe,3000,164,3633,3364,3364,0,213,0,56,0,1197,8,5,3,8
16,17,moe,877,124,4891,4550,4550,0,281,0,60,0,1097,8,4,4,8
16,18,moe,814,197,4011,3645,3645,0,300,0,66,0,610,8,5,3,8
16,19,moe,625,108,3827,3566,3568,0,206,0,53,0,533,8,5,3,8
16,20,moe,1268,218,4785,4463,4463,0,263,1,58,0,987,8,4,4,8
16,21,moe,1088,219,3944,3574,3575,0,313,1,55,0,638,8,4,4,8
16,22,moe,987,124,1258,1169,1169,0,53,0,36,0,507,8,7,1,8
16,23,moe,547,197,2304,2137,2137,0,118,0,49,0,1026,8,6,2,8
16,24,moe,809,214,6951,6482,6482,0,397,0,72,0,601,8,2,6,8
16,25,moe,749,199,2442,2274,2274,0,121,0,47,0,643,8,6,2,8
16,26,moe,538,123,6252,5856,5856,0,325,0,71,0,1084,8,3,5,8
16,-1,epi,0,0,0,0,0,0,0,0,4237,0,0,0,0,0,0
17,-2,pre,340,0,0,0,0,0,0,0,0,0,0,0,0,0,0
17,0,dense,1468,0,0,0,0,0,0,0,0,0,0,0,0,0,0
17,1,moe,754,211,5123,4588,4588,0,471,0,64,0,476,8,4,4,8
17,2,moe,764,192,3708,3457,3457,0,202,0,49,0,539,8,5,3,8
17,3,moe,683,181,2604,2365,2365,0,197,0,42,0,497,8,6,2,8
17,4,moe,743,202,1155,1070,1070,0,55,0,30,0,491,8,7,1,8
17,5,moe,746,204,1196,1101,1101,0,55,0,40,0,484,8,7,1,8
17,6,moe,745,195,1157,1076,1076,0,54,1,26,0,509,8,7,1,8
17,7,moe,695,191,2427,2273,2273,0,118,0,36,0,506,8,6,2,8
17,8,moe,764,212,4186,3814,3814,0,319,0,53,0,959,8,4,4,8
17,9,moe,1029,178,5260,4830,4831,0,330,1,98,0,590,8,4,4,8
17,10,moe,753,203,2358,2186,2186,0,130,0,42,0,683,8,6,2,8
17,11,moe,670,158,21,0,0,0,0,0,21,0,669,8,8,0,8
17,12,moe,754,210,2430,2280,2280,0,115,0,35,0,1092,8,6,2,8
17,13,moe,883,221,3611,3377,3377,0,189,1,44,0,497,8,5,3,8
17,14,moe,752,217,2241,2083,2083,0,118,0,40,0,481,8,6,2,8
17,15,moe,554,173,2412,2237,2237,0,134,0,41,0,669,8,6,2,8
17,16,moe,993,276,1179,1095,1095,0,54,0,30,0,506,8,7,1,8
17,17,moe,754,204,3899,3423,3423,0,426,0,50,0,1188,8,5,3,8
17,18,moe,928,246,2459,2296,2296,0,122,0,41,0,513,8,6,2,8
17,19,moe,555,213,1176,1095,1095,0,54,0,27,0,478,8,7,1,8
17,20,moe,771,203,3013,2652,2652,0,306,0,55,0,737,8,5,3,8
17,21,moe,929,153,2544,2230,2230,0,272,0,42,0,875,8,6,2,8
17,22,moe,826,187,5239,4692,4692,0,489,1,57,0,495,8,4,4,8
17,23,moe,563,197,2503,2316,2316,0,134,0,53,0,554,8,6,2,8
17,24,moe,810,199,4555,4013,4013,0,479,1,62,0,615,8,4,4,8
17,25,moe,753,197,4799,4470,4470,0,275,0,54,0,1027,8,4,4,8
17,26,moe,620,234,4015,3674,3674,0,266,0,75,0,990,8,4,4,8
17,-1,epi,0,0,0,0,0,0,0,0,3401,0,0,0,0,0,0
18,-2,pre,349,0,0,0,0,0,0,0,0,0,0,0,0,0,0
18,0,dense,1599,0,0,0,0,0,0,0,0,0,0,0,0,0,0
18,1,moe,903,119,5432,4991,4992,0,363,1,76,0,947,8,3,5,8
18,2,moe,990,301,1302,1208,1208,0,54,0,40,0,496,8,7,1,8
18,3,moe,558,193,2357,2190,2191,0,125,0,41,0,516,8,6,2,8
18,4,moe,773,214,4963,4546,4546,0,351,1,65,0,503,8,4,4,8
18,5,moe,739,196,2295,2141,2141,0,115,0,39,0,477,8,6,2,8
18,6,moe,726,221,3921,3665,3665,0,204,0,52,0,497,8,5,3,8
18,7,moe,567,176,2640,2309,2309,0,281,1,49,0,660,8,6,2,8
18,8,moe,762,197,3809,3203,3203,0,543,1,62,0,576,8,3,5,8
18,9,moe,701,195,3617,3378,3378,0,189,0,50,0,510,8,5,3,8
18,10,moe,737,251,2561,2298,2298,0,219,0,44,0,521,8,6,2,8
18,11,moe,558,209,3547,3321,3321,0,181,0,45,0,515,8,5,3,8
18,12,moe,750,206,3754,3394,3394,0,311,0,49,0,529,8,5,3,8
18,13,moe,750,202,2242,2083,2083,0,120,0,39,0,1225,8,6,2,8
18,14,moe,769,200,2362,2196,2196,0,127,1,38,0,727,8,6,2,8
18,15,moe,672,127,4956,4618,4618,0,275,0,63,0,546,8,4,4,8
18,16,moe,768,199,3853,3336,3336,0,438,1,78,0,544,8,3,5,8
18,17,moe,766,205,5944,5496,5497,0,382,0,65,0,1157,8,3,5,8
18,18,moe,960,123,5404,4927,4928,0,383,1,92,0,1048,8,3,5,8
18,19,moe,769,358,3735,3397,3397,0,287,0,51,0,1771,8,5,3,8
18,20,moe,2421,330,1428,1327,1327,0,66,1,34,0,1591,8,7,1,8
18,21,moe,2854,165,1340,1212,1212,0,95,0,33,0,1838,8,7,1,8
18,22,moe,1864,224,3007,2700,2700,0,255,1,51,0,514,8,5,3,8
18,23,moe,557,201,3780,3424,3424,0,309,0,47,0,1274,8,5,3,8
18,24,moe,850,160,3840,3522,3523,0,260,0,57,0,1330,8,4,4,8
18,25,moe,776,204,2515,2184,2184,0,287,0,44,0,1342,8,6,2,8
18,26,moe,754,235,2445,2248,2248,0,139,0,58,0,1108,8,6,2,8
18,-1,epi,0,0,0,0,0,0,0,0,3541,0,0,0,0,0,0
19,-2,pre,167,0,0,0,0,0,0,0,0,0,0,0,0,0,0
19,0,dense,1378,0,0,0,0,0,0,0,0,0,0,0,0,0,0
19,1,moe,826,109,2486,2236,2236,0,199,0,51,0,1446,8,6,2,8
19,2,moe,777,202,4183,3819,3819,0,310,1,53,0,716,8,5,3,8
19,3,moe,630,129,1204,1106,1106,0,55,0,43,0,483,8,7,1,8
19,4,moe,952,194,3035,2578,2578,0,410,0,47,0,1152,8,5,3,8
19,5,moe,993,115,1780,1616,1616,0,124,0,40,0,495,8,6,2,8
19,6,moe,731,205,1244,1158,1158,0,58,0,28,0,489,8,7,1,8
19,7,moe,554,192,2602,2288,2288,0,272,0,42,0,1098,8,6,2,8
19,8,moe,1057,102,19,0,0,0,0,0,19,0,495,8,8,0,8
19,9,moe,839,226,1346,1265,1265,0,53,0,28,0,511,8,7,1,8
19,10,moe,743,207,3805,3549,3549,0,207,1,48,0,703,8,5,3,8
19,11,moe,728,133,1493,1341,1341,0,116,0,36,0,1138,8,6,2,8
19,12,moe,1034,208,20,0,0,0,0,0,20,0,461,8,8,0,8
19,13,moe,728,205,1166,1087,1087,0,54,0,25,0,520,8,7,1,8
19,14,moe,794,195,1209,1127,1127,0,53,0,29,0,491,8,7,1,8
19,15,moe,604,131,3805,3556,3556,0,198,0,51,0,513,8,5,3,8
19,16,moe,729,198,2815,2484,2484,0,282,1,48,0,464,8,5,3,8
19,17,moe,886,149,22,0,0,0,0,0,22,0,633,8,8,0,8
19,18,moe,742,195,1242,1159,1159,0,54,0,29,0,480,8,7,1,8
19,19,moe,550,206,1167,1087,1087,0,53,0,27,0,491,8,7,1,8
19,20,moe,772,212,2537,2246,2246,0,255,1,35,0,530,8,6,2,8
19,21,moe,762,195,1279,1175,1175,0,73,0,31,0,584,8,7,1,8
19,22,moe,771,217,1240,1152,1152,0,55,0,33,0,533,8,7,1,8
19,23,moe,602,216,3071,2840,2840,0,186,0,45,0,529,8,5,3,8
19,24,moe,768,206,2532,2381,2381,0,115,1,35,0,526,8,6,2,8
19,25,moe,730,201,2227,2060,2061,0,132,0,34,0,566,8,6,2,8
19,26,moe,575,130,1284,1196,1196,0,54,0,34,0,502,8,7,1,8
19,-1,epi,0,0,0,0,0,0,0,0,3453,0,0,0,0,0,0
20,-2,pre,314,0,0,0,0,0,0,0,0,0,0,0,0,0,0
20,0,dense,1337,0,0,0,0,0,0,0,0,0,0,0,0,0,0
20,1,moe,781,218,2793,2560,2560,0,187,0,46,0,518,8,5,3,8
20,2,moe,743,201,6948,6357,6357,0,516,0,75,0,730,8,3,5,8
20,3,moe,727,162,4688,3817,3817,0,808,1,62,0,1280,8,5,3,8
20,4,moe,864,193,2443,2287,2287,0,118,0,38,0,505,8,6,2,8
20,5,moe,743,197,20,0,0,0,0,0,20,0,691,8,8,0,8
20,6,moe,745,201,3194,2638,2638,0,509,1,46,0,1423,8,6,2,8
20,7,moe,704,282,1310,1218,1218,0,54,0,38,0,522,8,7,1,8
20,8,moe,973,204,15,0,0,0,0,0,15,0,488,8,8,0,8
20,9,moe,746,207,5567,5125,5125,0,379,1,62,0,524,8,4,4,8
20,10,moe,760,206,1219,1133,1134,0,53,0,32,0,469,8,7,1,8
20,11,moe,554,185,4012,3636,3636,0,333,2,41,0,520,8,5,3,8
20,12,moe,934,119,1473,1318,1318,0,115,0,40,0,1055,8,6,2,8
20,13,moe,959,229,20,0,0,0,0,0,20,0,455,8,8,0,8
20,14,moe,737,209,1502,1349,1349,0,122,0,31,0,1090,8,6,2,8
20,15,moe,769,223,2412,2257,2257,0,118,0,37,0,1036,8,6,2,8
20,16,moe,940,220,1279,1198,1198,0,55,0,26,0,973,8,7,1,8
20,17,moe,881,184,1215,1120,1120,0,58,0,37,0,636,8,7,1,8
20,18,moe,914,133,2261,2042,2042,0,183,0,36,0,1055,8,6,2,8
20,19,moe,621,186,3403,3064,3065,0,302,1,35,0,743,8,6,2,8
20,20,moe,1039,282,1111,1028,1028,0,53,0,30,0,558,8,7,1,8
20,21,moe,861,202,1286,1205,1205,0,57,0,24,0,538,8,7,1,8
20,22,moe,892,236,2510,2355,2355,0,120,0,35,0,501,8,6,2,8
20,23,moe,548,205,4289,4009,4009,0,214,0,66,0,533,8,5,3,8
20,24,moe,771,202,3287,3122,3122,0,119,0,46,0,495,8,6,2,8
20,25,moe,756,204,1270,1167,1167,0,54,0,49,0,601,8,7,1,8
20,26,moe,574,194,3095,2377,2377,0,662,1,55,0,1377,8,6,2,8
20,-1,epi,0,0,0,0,0,0,0,0,4502,0,0,0,0,0,0
21,-2,pre,160,0,0,0,0,0,0,0,0,0,0,0,0,0,0
21,0,dense,1217,0,0,0,0,0,0,0,0,0,0,0,0,0,0
21,1,moe,745,201,4167,3786,3786,0,312,1,68,0,494,8,5,3,8
21,2,moe,761,205,2504,2327,2327,0,131,0,46,0,1180,8,6,2,8
21,3,moe,686,181,1159,1076,1076,0,54,0,29,0,572,8,7,1,8
21,4,moe,745,168,1610,1444,1444,0,123,0,43,0,507,8,6,2,8
21,5,moe,751,228,1183,1092,1092,0,59,1,31,0,491,8,7,1,8
21,6,moe,741,205,2606,2381,2381,0,174,1,50,0,657,8,6,2,8
21,7,moe,715,128,20,0,0,0,0,0,20,0,518,8,8,0,8
21,8,moe,715,210,1227,1142,1142,0,56,0,29,0,542,8,7,1,8
21,9,moe,736,206,19,0,0,0,0,0,19,0,451,8,8,0,8
21,10,moe,730,199,353,272,272,0,54,0,27,0,456,8,7,1,8
21,11,moe,592,177,15,0,0,0,0,0,15,0,497,8,8,0,8
21,12,moe,838,155,24,0,0,0,0,0,24,0,525,8,8,0,8
21,13,moe,835,92,1141,1055,1055,0,54,0,32,0,498,8,7,1,8
21,14,moe,862,219,1254,1168,1169,0,53,1,31,0,468,8,7,1,8
21,15,moe,547,200,2661,2308,2308,0,308,1,44,0,828,8,6,2,8
21,16,moe,919,104,3536,3255,3255,0,225,0,56,0,526,8,5,3,8
21,17,moe,745,198,1191,1105,1105,0,54,0,32,0,519,8,7,1,8
21,18,moe,796,109,1254,1166,1166,0,60,0,28,0,466,8,7,1,8
21,19,moe,610,191,19,0,0,0,0,0,19,0,474,8,8,0,8
21,20,moe,715,204,1202,1120,1120,0,54,0,28,0,472,8,7,1,8
21,21,moe,737,200,1170,1084,1084,0,57,0,29,0,533,8,7,1,8
21,22,moe,820,240,2553,2388,2388,0,117,0,48,0,514,8,6,2,8
21,23,moe,548,196,6617,5395,5395,0,1136,0,86,0,1301,8,4,4,8
21,24,moe,950,100,2684,2407,2407,0,215,1,61,0,503,8,5,3,8
21,25,moe,739,206,4308,4001,4001,0,254,2,51,0,686,8,5,3,8
21,26,moe,735,176,6363,5298,5299,0,978,1,85,0,1048,8,3,5,8
21,-1,epi,0,0,0,0,0,0,0,0,3872,0,0,0,0,0,0
22,-2,pre,379,0,0,0,0,0,0,0,0,0,0,0,0,0,0
22,0,dense,1288,0,0,0,0,0,0,0,0,0,0,0,0,0,0
22,1,moe,748,197,7940,6647,6647,0,1185,0,108,0,603,8,2,6,8
22,2,moe,763,208,5438,5017,5017,0,341,1,79,0,565,8,3,5,8
22,3,moe,558,304,6974,6385,6385,0,497,1,91,0,571,8,3,5,8
22,4,moe,910,204,6757,5717,5717,0,952,1,87,0,1434,8,3,5,8
22,5,moe,1037,116,4563,3829,3829,0,661,0,73,0,1755,8,5,3,8
22,6,moe,1648,192,5498,4948,4948,0,468,1,81,0,1630,8,4,4,8
22,7,moe,1137,330,4359,3995,3995,0,302,1,61,0,796,8,5,3,8
22,8,moe,987,216,5381,4813,4813,0,502,0,66,0,594,8,4,4,8
22,9,moe,758,197,2405,2231,2231,0,129,0,45,0,494,8,6,2,8
22,10,moe,747,198,5258,4911,4911,0,274,1,72,0,519,8,4,4,8
22,11,moe,572,194,2560,2182,2182,0,331,5,42,0,1343,8,6,2,8
22,12,moe,891,196,2965,2629,2629,0,280,0,56,0,516,8,5,3,8
22,13,moe,740,194,1375,1248,1248,0,97,0,30,0,431,8,7,1,8
22,14,moe,769,211,5421,4975,4975,0,386,0,60,0,569,8,4,4,8
22,15,moe,688,183,2357,2189,2189,0,126,1,41,0,1065,8,6,2,8
22,16,moe,829,210,2938,2595,2595,0,285,1,57,0,626,8,5,3,8
22,17,moe,793,159,3777,3539,3539,0,191,1,46,0,525,8,5,3,8
22,18,moe,764,198,2945,2591,2591,0,302,0,52,0,617,8,5,3,8
22,19,moe,543,193,2395,2174,2174,0,182,1,38,0,532,8,6,2,8
22,20,moe,828,202,3760,3457,3457,0,247,0,56,0,731,8,5,3,8
22,21,moe,967,98,3531,3284,3284,0,202,0,45,0,1076,8,5,3,8
22,22,moe,837,198,1616,1415,1415,0,164,0,37,0,520,8,6,2,8
22,23,moe,704,173,3516,3262,3262,0,202,0,52,0,801,8,5,3,8
22,24,moe,816,200,3950,3438,3438,0,461,1,50,0,514,8,5,3,8
22,25,moe,764,176,3620,3349,3349,0,218,0,53,0,542,8,5,3,8
22,26,moe,576,191,1188,1101,1101,0,56,0,31,0,530,8,7,1,8
22,-1,epi,0,0,0,0,0,0,0,0,4441,0,0,0,0,0,0
23,-2,pre,319,0,0,0,0,0,0,0,0,0,0,0,0,0,0
23,0,dense,1465,0,0,0,0,0,0,0,0,0,0,0,0,0,0
23,1,moe,746,225,4427,3891,3891,0,470,1,65,0,530,8,4,4,8
23,2,moe,774,206,2466,2287,2287,0,135,0,44,0,572,8,6,2,8
23,3,moe,557,276,3764,3303,3303,0,408,0,53,0,661,8,5,3,8
23,4,moe,813,204,2412,2152,2152,0,206,0,54,0,1162,8,6,2,8
23,5,moe,784,205,2464,2193,2193,0,223,0,48,0,496,8,6,2,8
23,6,moe,770,235,5077,4611,4611,0,394,1,71,0,571,8,3,5,8
23,7,moe,677,191,19,0,0,0,0,0,19,0,507,8,8,0,8
23,8,moe,780,206,2798,2557,2557,0,190,0,51,0,1002,8,5,3,8
23,9,moe,835,204,3165,2676,2676,0,435,0,54,0,1485,8,5,3,8
23,10,moe,900,215,2375,2139,2139,0,191,0,45,0,567,8,5,3,8
23,11,moe,582,195,3207,2740,2740,0,412,1,54,0,1421,8,5,3,8
23,12,moe,902,207,6224,5794,5794,0,360,1,69,0,531,8,3,5,8
23,13,moe,763,207,2545,2289,2289,0,222,0,34,0,499,8,6,2,8
23,14,moe,944,109,4829,4489,4489,0,279,1,60,0,1315,8,4,4,8
23,15,moe,703,196,5230,4338,4338,0,822,0,70,0,1450,8,3,5,8
23,16,moe,839,213,4767,4114,4114,0,578,0,75,0,557,8,3,5,8
23,17,moe,769,200,2769,2538,2539,0,181,0,49,0,1110,8,5,3,8
23,18,moe,836,195,5410,5024,5024,0,326,1,59,0,1234,8,3,5,8
23,19,moe,638,178,3075,2821,2821,0,205,1,48,0,656,8,5,3,8
23,20,moe,964,109,3663,3318,3318,0,286,1,58,0,560,8,5,3,8
23,21,moe,800,211,3038,2711,2711,0,278,0,49,0,700,8,4,4,8
23,22,moe,929,117,3444,3212,3212,0,185,0,47,0,570,8,5,3,8
23,23,moe,563,164,5417,4954,4955,0,401,1,60,0,517,8,4,4,8
23,24,moe,780,182,5610,5207,5207,0,337,0,66,0,927,8,3,5,8
23,25,moe,1117,111,5933,5548,5549,0,323,1,60,0,1526,8,3,5,8
23,26,moe,924,235,3905,3584,3584,0,264,0,57,0,901,8,4,4,8
23,-1,epi,0,0,0,0,0,0,0,0,4288,0,0,0,0,0,0
24,-2,pre,366,0,0,0,0,0,0,0,0,0,0,0,0,0,0
24,0,dense,2101,0,0,0,0,0,0,0,0,0,0,0,0,0,0
24,1,moe,1311,128,4692,4354,4354,0,272,1,65,0,1021,8,4,4,8
24,2,moe,886,127,4775,4450,4450,0,269,1,55,0,517,8,4,4,8
24,3,moe,557,205,4819,4285,4285,0,475,1,58,0,555,8,4,4,8
24,4,moe,716,197,4656,4314,4314,0,286,0,56,0,995,8,4,4,8
24,5,moe,885,200,3681,3419,3419,0,208,0,54,0,1298,8,5,3,8
24,6,moe,827,200,4703,4350,4352,0,289,1,61,0,669,8,4,4,8
24,7,moe,634,145,2461,2287,2287,0,125,0,49,0,667,8,6,2,8
24,8,moe,854,202,5309,4928,4928,0,322,1,58,0,674,8,4,4,8
24,9,moe,830,158,2726,2513,2513,0,164,1,48,0,1044,8,6,2,8
24,10,moe,967,230,3854,3525,3525,0,276,1,52,0,868,8,5,3,8
24,11,moe,993,208,2948,2576,2576,0,318,0,54,0,1031,8,5,3,8
24,12,moe,1250,242,5277,4728,4728,0,399,1,149,0,834,8,4,4,8
24,13,moe,1259,227,3563,3184,3184,0,278,1,100,0,935,8,5,3,8
24,14,moe,919,203,5312,4759,4759,0,446,1,106,0,566,8,4,4,8
24,15,moe,620,157,3489,3191,3191,0,230,1,67,0,753,8,5,3,8
24,16,moe,1145,180,4254,3853,3853,0,269,2,130,0,937,8,5,3,8
24,17,moe,1423,375,2218,1619,1619,0,252,2,345,0,1134,8,7,1,8
24,18,moe,1541,645,5858,5062,5063,0,526,2,267,0,888,8,4,4,8
24,19,moe,915,272,6349,5850,5850,0,344,2,153,0,741,8,3,5,8
24,20,moe,1132,230,3691,3396,3396,0,199,1,95,0,1280,8,5,3,8
24,21,moe,1284,262,3666,3248,3248,0,331,2,85,0,981,8,5,3,8
24,22,moe,1597,141,3991,3722,3722,0,193,1,75,0,575,8,5,3,8
24,23,moe,584,170,3352,3077,3077,0,200,1,74,0,557,8,5,3,8
24,24,moe,760,183,2556,2383,2383,0,120,0,53,0,608,8,6,2,8
24,25,moe,788,181,2028,1672,1672,0,296,1,59,0,630,8,6,2,8
24,26,moe,623,142,5189,4751,4751,0,346,2,90,0,559,8,3,5,8
24,-1,epi,0,0,0,0,0,0,0,0,4244,0,0,0,0,0,0
25,-2,pre,368,0,0,0,0,0,0,0,0,0,0,0,0,0,0
25,0,dense,1348,0,0,0,0,0,0,0,0,0,0,0,0,0,0
25,1,moe,773,209,6150,5641,5641,0,397,1,111,0,506,8,3,5,8
25,2,moe,758,166,4840,4502,4502,0,265,1,72,0,505,8,4,4,8
25,3,moe,569,186,5083,4706,4706,0,264,1,112,0,985,8,4,4,8
25,4,moe,768,274,3672,3264,3264,0,346,2,60,0,554,8,5,3,8
25,5,moe,932,122,2906,2656,2656,0,187,1,62,0,1029,8,5,3,8
25,6,moe,820,161,3849,3577,3581,0,196,1,71,0,507,8,5,3,8
25,7,moe,571,187,3661,3389,3389,0,198,1,73,0,534,8,5,3,8
25,8,moe,747,181,1316,1220,1220,0,55,0,41,0,736,8,7,1,8
25,9,moe,988,146,1666,1490,1490,0,117,0,59,0,530,8,6,2,8
25,10,moe,756,217,2260,2094,2094,0,117,1,48,0,531,8,6,2,8
25,11,moe,589,165,3657,3391,3393,0,193,1,70,0,521,8,5,3,8
25,12,moe,732,189,1183,1085,1085,0,55,0,43,0,473,8,7,1,8
25,13,moe,737,265,2300,2137,2137,0,117,0,46,0,1159,8,6,2,8
25,14,moe,938,123,3553,3279,3279,0,200,0,74,0,702,8,5,3,8
25,15,moe,563,163,3468,3111,3112,0,260,0,96,0,745,8,5,3,8
25,16,moe,753,209,2495,2313,2313,0,123,2,57,0,524,8,6,2,8
25,17,moe,734,184,3569,3324,3324,0,187,0,58,0,799,8,5,3,8
25,18,moe,1001,132,4721,4379,4379,0,265,1,76,0,957,8,4,4,8
25,19,moe,575,196,3726,3472,3472,0,193,2,59,0,509,8,5,3,8
25,20,moe,727,184,3565,3314,3314,0,186,1,64,0,560,8,5,3,8
25,21,moe,734,195,2710,2392,2392,0,246,1,71,0,502,8,6,2,8
25,22,moe,734,184,2255,2092,2092,0,113,0,50,0,938,8,6,2,8
25,23,moe,766,286,2921,2590,2590,0,263,2,66,0,581,8,5,3,8
25,24,moe,973,148,1619,1522,1523,0,56,1,39,0,1031,8,7,1,8
25,25,moe,789,199,2932,2630,2630,0,250,1,51,0,831,8,6,2,8
25,26,moe,594,128,3382,3117,3117,0,195,0,70,0,987,8,5,3,8
25,-1,epi,0,0,0,0,0,0,0,0,3589,0,0,0,0,0,0
26,-2,pre,336,0,0,0,0,0,0,0,0,0,0,0,0,0,0
26,0,dense,1788,0,0,0,0,0,0,0,0,0,0,0,0,0,0
26,1,moe,902,156,6914,6425,6425,0,408,1,80,0,832,8,2,6,8
26,2,moe,962,141,6271,5842,5843,0,334,1,93,0,520,8,3,5,8
26,3,moe,567,179,5008,4664,4664,0,268,1,75,0,1079,8,4,4,8
26,4,moe,762,207,6035,5596,5596,0,357,1,81,0,701,8,3,5,8
26,5,moe,771,179,5830,5027,5027,0,623,2,178,0,969,8,4,4,8
26,6,moe,1461,137,4787,4422,4423,0,270,2,92,0,879,8,4,4,8
26,7,moe,741,270,5137,4724,4725,0,279,2,131,0,901,8,4,4,8
26,8,moe,1366,236,5010,4621,4621,0,305,2,82,0,735,8,4,4,8
26,9,moe,1075,255,2384,2189,2190,0,122,1,71,0,911,8,6,2,8
26,10,moe,1175,250,5988,5427,5427,0,438,1,122,0,518,8,3,5,8
26,11,moe,585,170,2402,2086,2086,0,202,7,107,0,812,8,6,2,8
26,12,moe,1029,131,2337,2154,2155,0,122,1,59,0,1011,8,6,2,8
26,13,moe,758,211,1366,1274,1274,0,55,0,37,0,500,8,7,1,8
26,14,moe,740,231,3690,3369,3370,0,191,1,128,0,1289,8,5,3,8
26,15,moe,771,248,3589,3342,3342,0,188,0,59,0,997,8,5,3,8
26,16,moe,1291,143,2415,2222,2223,0,124,1,67,0,1132,8,6,2,8
26,17,moe,793,195,3782,3425,3425,0,303,1,53,0,632,8,5,3,8
26,18,moe,924,140,3646,3393,3393,0,194,0,59,0,1290,8,5,3,8
26,19,moe,577,162,4858,4498,4499,0,266,2,91,0,699,8,4,4,8
26,20,moe,772,238,2550,2388,2388,0,115,1,46,0,536,8,6,2,8
26,21,moe,735,208,2559,2372,2373,0,125,2,59,0,578,8,6,2,8
26,22,moe,750,205,2365,2195,2195,0,117,0,53,0,678,8,6,2,8
26,23,moe,564,201,2336,2146,2146,0,136,1,53,0,936,8,6,2,8
26,24,moe,971,142,2358,2167,2167,0,125,0,66,0,1054,8,6,2,8
26,25,moe,801,203,3736,3414,3414,0,240,1,81,0,700,8,5,3,8
26,26,moe,620,131,4536,4029,4030,0,419,1,86,0,515,8,3,5,8
26,-1,epi,0,0,0,0,0,0,0,0,3633,0,0,0,0,0,0
27,-2,pre,322,0,0,0,0,0,0,0,0,0,0,0,0,0,0
27,0,dense,1268,0,0,0,0,0,0,0,0,0,0,0,0,0,0
27,1,moe,739,218,4567,4234,4234,0,255,0,78,0,1080,8,4,4,8
27,2,moe,1002,132,3538,3249,3249,0,209,1,79,0,901,8,5,3,8
27,3,moe,641,207,2489,2313,2313,0,130,1,45,0,922,8,6,2,8
27,4,moe,1034,127,2438,2243,2243,0,125,1,69,0,747,8,6,2,8
27,5,moe,818,164,1283,1133,1133,0,93,0,57,0,588,8,7,1,8
27,6,moe,761,223,2788,2425,2425,0,296,2,65,0,466,8,6,2,8
27,7,moe,571,246,1638,1540,1540,0,56,0,42,0,981,8,7,1,8
27,8,moe,793,185,2311,2152,2153,0,114,0,44,0,868,8,6,2,8
27,9,moe,957,122,36,0,0,0,0,0,36,0,548,8,8,0,8
27,10,moe,776,232,1178,1091,1091,0,54,1,32,0,492,8,7,1,8
27,11,moe,636,198,2477,2318,2318,0,115,0,44,0,488,8,6,2,8
27,12,moe,726,230,4785,4380,4381,0,268,1,135,0,940,8,4,4,8
27,13,moe,778,225,1213,1106,1106,0,56,0,51,0,491,8,7,1,8
27,14,moe,727,209,22,0,0,0,0,0,22,0,496,8,8,0,8
27,15,moe,644,142,1231,1092,1092,0,107,0,32,0,519,8,7,1,8
27,16,moe,720,192,1294,1208,1208,0,57,0,29,0,669,8,7,1,8
27,17,moe,743,208,5403,4790,4790,0,541,0,72,0,590,8,3,5,8
27,18,moe,791,216,1287,1200,1200,0,53,0,34,0,722,8,7,1,8
27,19,moe,741,205,3602,3330,3331,0,220,0,51,0,824,8,5,3,8
27,20,moe,908,142,4799,4425,4425,0,272,0,102,0,879,8,4,4,8
27,21,moe,786,175,4745,4392,4393,0,289,1,62,0,1055,8,4,4,8
27,22,moe,961,201,5557,4826,4828,0,653,2,74,0,626,8,3,5,8
27,23,moe,556,200,1693,1518,1518,0,131,0,44,0,714,8,6,2,8
27,24,moe,815,196,5015,4399,4399,0,552,0,64,0,495,8,4,4,8
27,25,moe,726,199,3431,3159,3159,0,222,0,50,0,1036,8,5,3,8
27,26,moe,575,195,2399,2179,2179,0,175,1,44,0,587,8,6,2,8
27,-1,epi,0,0,0,0,0,0,0,0,4313,0,0,0,0,0,0
28,-2,pre,168,0,0,0,0,0,0,0,0,0,0,0,0,0,0
28,0,dense,1268,0,0,0,0,0,0,0,0,0,0,0,0,0,0
28,1,moe,734,194,355,266,266,0,54,0,35,0,536,8,7,1,8
28,2,moe,824,269,3082,2845,2845,0,190,0,47,0,521,8,5,3,8
28,3,moe,555,300,4160,3609,3609,0,493,1,57,0,1219,8,5,3,8
28,4,moe,873,130,7676,6523,6524,0,1053,1,98,0,1074,8,3,5,8
28,5,moe,893,120,21,0,0,0,0,0,21,0,517,8,8,0,8
28,6,moe,876,109,1795,1636,1637,0,122,0,36,0,488,8,6,2,8
28,7,moe,558,174,2676,2366,2366,0,269,0,41,0,1225,8,6,2,8
28,8,moe,945,127,1783,1619,1620,0,117,0,46,0,501,8,6,2,8
28,9,moe,749,195,1161,1080,1080,0,53,0,28,0,478,8,7,1,8
28,10,moe,736,202,1155,1067,1067,0,56,0,32,0,521,8,7,1,8
28,11,moe,597,190,3627,3392,3392,0,189,0,46,0,764,8,5,3,8
28,12,moe,957,190,2550,2233,2234,0,271,0,45,0,1133,8,6,2,8
28,13,moe,926,121,2336,2177,2177,0,120,0,39,0,505,8,6,2,8
28,14,moe,734,269,21,0,0,0,0,0,21,0,576,8,8,0,8
28,15,moe,558,197,2658,2329,2329,0,287,1,41,0,1138,8,6,2,8
28,16,moe,882,110,1908,1754,1754,0,120,0,34,0,517,8,6,2,8
28,17,moe,751,198,1189,1103,1103,0,53,0,33,0,523,8,7,1,8
28,18,moe,798,197,2079,1687,1687,0,350,0,42,0,1159,8,6,2,8
28,19,moe,804,252,1248,1162,1162,0,56,0,30,0,487,8,7,1,8
28,20,moe,736,222,5824,4978,4979,0,770,1,74,0,1130,8,4,4,8
28,21,moe,1043,141,2296,2118,2118,0,132,0,46,0,527,8,6,2,8
28,22,moe,740,206,1243,1159,1159,0,53,0,31,0,471,8,7,1,8
28,23,moe,574,215,6435,5972,5973,0,394,0,68,0,539,8,3,5,8
28,24,moe,721,201,2941,2659,2660,0,217,0,64,0,699,8,6,2,8
28,25,moe,1033,198,1200,1116,1116,0,53,0,31,0,482,8,7,1,8
28,26,moe,686,175,5973,5433,5434,0,452,3,84,0,579,8,2,6,8
28,-1,epi,0,0,0,0,0,0,0,0,3673,0,0,0,0,0,0
29,-2,pre,344,0,0,0,0,0,0,0,0,0,0,0,0,0,0
29,0,dense,1287,0,0,0,0,0,0,0,0,0,0,0,0,0,0
29,1,moe,718,212,6171,5766,5766,0,334,0,71,0,782,8,3,5,8
29,2,moe,808,212,3445,3195,3195,0,196,0,54,0,707,8,5,3,8
29,3,moe,671,140,3510,3178,3178,0,279,0,53,0,696,8,5,3,8
29,4,moe,737,210,1683,1520,1520,0,124,0,39,0,1078,8,6,2,8
29,5,moe,878,196,1356,1207,1207,0,114,1,34,0,566,8,7,1,8
29,6,moe,803,184,1833,1674,1674,0,123,0,36,0,501,8,6,2,8
29,7,moe,542,203,3745,3332,3332,0,354,1,58,0,548,8,5,3,8
29,8,moe,735,182,1117,1033,1033,0,52,0,32,0,489,8,7,1,8
29,9,moe,724,180,1218,1138,1138,0,54,0,26,0,487,8,7,1,8
29,10,moe,737,196,1800,1629,1629,0,133,0,38,0,564,8,6,2,8
29,11,moe,866,104,4034,3673,3675,0,301,1,57,0,1099,8,4,4,8
29,12,moe,862,207,3304,3022,3023,0,236,0,45,0,677,8,5,3,8
29,13,moe,895,142,2328,2152,2152,0,132,0,44,0,716,8,6,2,8
29,14,moe,824,200,2458,2282,2282,0,142,0,34,0,987,8,6,2,8
29,15,moe,680,140,2456,2299,2299,0,117,0,40,0,506,8,6,2,8
29,16,moe,957,200,3947,3588,3588,0,305,0,54,0,1075,8,5,3,8
29,17,moe,981,118,5896,5355,5355,0,462,0,79,0,1103,8,3,5,8
29,18,moe,837,245,2888,2647,2647,0,194,0,47,0,516,8,5,3,8
29,19,moe,550,193,5390,4750,4750,0,542,1,97,0,816,8,4,4,8
29,20,moe,907,168,4950,4581,4582,0,302,1,65,0,907,8,4,4,8
29,21,moe,1171,256,2896,2647,2647,0,197,1,51,0,965,8,6,2,8
29,22,moe,1285,303,4055,3546,3546,0,439,1,69,0,1723,8,5,3,8
29,23,moe,1276,202,4857,4336,4336,0,442,1,78,0,651,8,4,4,8
29,24,moe,795,236,6413,5682,5682,0,649,0,82,0,1337,8,3,5,8
29,25,moe,833,196,1249,1161,1161,0,56,0,32,0,552,8,7,1,8
29,26,moe,714,235,7618,6526,6527,0,1002,1,88,0,1249,8,0,8,8
29,-1,epi,0,0,0,0,0,0,0,0,4413,0,0,0,0,0,0
30,-2,pre,327,0,0,0,0,0,0,0,0,0,0,0,0,0,0
30,0,dense,1256,0,0,0,0,0,0,0,0,0,0,0,0,0,0
30,1,moe,729,203,6441,5954,5954,0,407,1,79,0,1076,8,2,6,8
30,2,moe,991,196,7714,7171,7171,0,460,0,83,0,1073,8,1,7,8
30,3,moe,644,223,4770,4429,4429,0,283,0,58,0,725,8,4,4,8
30,4,moe,934,133,3338,3016,3016,0,258,1,63,0,508,8,4,4,8
30,5,moe,743,211,2414,2249,2249,0,124,0,41,0,654,8,6,2,8
30,6,moe,891,147,7457,6847,6847,0,522,1,87,0,731,8,1,7,8
30,7,moe,660,141,3593,3355,3356,0,185,0,52,0,1189,8,5,3,8
30,8,moe,756,208,3492,3241,3241,0,203,0,48,0,1090,8,5,3,8
30,9,moe,1400,137,5953,5544,5544,0,347,0,62,0,1192,8,3,5,8
30,10,moe,1556,138,7739,7198,7198,0,459,0,82,0,674,8,2,6,8
30,11,moe,766,138,5972,5559,5559,0,339,0,74,0,1108,8,3,5,8
30,12,moe,850,210,8202,7622,7622,0,502,1,77,0,1096,8,1,7,8
30,13,moe,831,190,6098,5711,5711,0,323,1,63,0,805,8,3,5,8
30,14,moe,1171,232,7081,6609,6609,0,399,0,73,0,991,8,2,6,8
30,15,moe,802,256,7227,6612,6612,0,542,1,72,0,912,8,2,6,8
30,16,moe,1401,242,7147,6628,6628,0,425,1,93,0,996,8,2,6,8
30,17,moe,1364,263,8362,7813,7814,0,466,0,82,0,1258,8,1,7,8
30,18,moe,1529,381,8751,8132,8132,0,529,1,89,0,1395,8,1,7,8
30,19,moe,985,191,9823,8982,8982,0,744,1,96,0,712,8,0,8,8
30,20,moe,946,95,8604,7985,7985,0,527,1,91,0,524,8,0,8,8
30,21,moe,748,196,7738,7116,7117,0,532,1,88,0,1082,8,1,7,8
30,22,moe,1617,210,6432,5775,5775,0,577,1,79,0,907,8,2,6,8
30,23,moe,980,152,8587,8023,8024,0,473,1,89,0,895,8,1,7,8
30,24,moe,1291,238,8174,7496,7496,0,554,2,122,0,967,8,1,7,8
30,25,moe,1862,315,5907,5435,5435,0,378,2,92,0,1468,8,3,5,8
30,26,moe,957,268,6972,6475,6475,0,417,1,79,0,1334,8,2,6,8
30,-1,epi,0,0,0,0,0,0,0,0,7229,0,0,0,0,0,0
31,-2,pre,305,0,0,0,0,0,0,0,0,0,0,0,0,0,0
31,0,dense,4518,0,0,0,0,0,0,0,0,0,0,0,0,0,0
31,1,moe,1998,324,3769,3413,3413,0,294,1,61,0,970,8,5,3,8
31,2,moe,1786,269,1136,1050,1050,0,54,0,32,0,485,8,7,1,8
31,3,moe,551,204,4712,4391,4391,0,265,0,56,0,495,8,4,4,8
31,4,moe,751,214,1576,1420,1420,0,113,1,42,0,471,8,6,2,8
31,5,moe,734,216,3679,3221,3221,0,403,1,54,0,535,8,5,3,8
31,6,moe,723,204,2359,2173,2173,0,132,0,54,0,504,8,6,2,8
31,7,moe,555,213,1470,1317,1317,0,116,0,37,0,1037,8,6,2,8
31,8,moe,834,258,3795,3559,3560,0,188,1,46,0,1172,8,5,3,8
31,9,moe,764,202,24,0,0,0,0,0,24,0,439,8,8,0,8
31,10,moe,706,200,2256,2091,2091,0,129,0,36,0,769,8,6,2,8
31,11,moe,619,94,1261,1174,1174,0,58,0,29,0,501,8,7,1,8
31,12,moe,747,206,1416,1332,1333,0,55,0,28,0,496,8,7,1,8
31,13,moe,723,200,18,0,0,0,0,0,18,0,496,8,8,0,8
31,14,moe,766,237,1895,1562,1562,0,288,1,44,0,656,8,6,2,8
31,15,moe,613,190,2859,2600,2600,0,201,1,57,0,556,8,5,3,8
31,16,moe,762,255,1493,1340,1340,0,113,0,40,0,1063,8,6,2,8
31,17,moe,964,110,1584,1427,1427,0,117,0,40,0,526,8,6,2,8
31,18,moe,740,198,2497,2319,2321,0,133,0,43,0,515,8,6,2,8
31,19,moe,652,169,3497,3260,3260,0,191,0,46,0,512,8,5,3,8
31,20,moe,737,205,3218,2843,2843,0,322,1,52,0,507,8,5,3,8
31,21,moe,777,196,3545,3267,3267,0,213,0,65,0,716,8,5,3,8
31,22,moe,914,255,4228,3806,3806,0,355,1,66,0,1105,8,3,5,8
31,23,moe,711,187,3102,2851,2851,0,191,0,60,0,520,8,5,3,8
31,24,moe,744,205,3527,3166,3166,0,297,0,64,0,1130,8,4,4,8
31,25,moe,816,166,2513,2199,2199,0,271,1,42,0,464,8,6,2,8
31,26,moe,549,212,328,241,241,0,54,0,33,0,465,8,7,1,8
31,-1,epi,0,0,0,0,0,0,0,0,3451,0,0,0,0,0,0
32,-2,pre,165,0,0,0,0,0,0,0,0,0,0,0,0,0,0
32,0,dense,1300,0,0,0,0,0,0,0,0,0,0,0,0,0,0
32,1,moe,825,253,5563,5058,5058,0,427,1,77,0,574,8,2,6,8
32,2,moe,757,191,1218,1126,1126,0,55,0,37,0,528,8,7,1,8
32,3,moe,586,119,2097,1854,1854,0,194,1,48,0,513,8,5,3,8
32,4,moe,733,204,3534,3299,3299,0,188,1,46,0,1040,8,5,3,8
32,5,moe,801,139,23,0,0,0,0,0,23,0,499,8,8,0,8
32,6,moe,872,98,1263,1171,1171,0,53,1,38,0,508,8,7,1,8
32,7,moe,580,169,3491,3258,3258,0,187,0,46,0,1096,8,5,3,8
32,8,moe,837,184,22,0,0,0,0,0,22,0,462,8,8,0,8
32,9,moe,893,114,1239,1155,1155,0,54,0,30,0,500,8,7,1,8
32,10,moe,729,194,1225,1145,1145,0,52,0,28,0,496,8,7,1,8
32,11,moe,548,191,1213,1131,1131,0,55,0,27,0,538,8,7,1,8
32,12,moe,779,217,16,0,0,0,0,0,16,0,673,8,8,0,8
32,13,moe,921,167,1178,1096,1096,0,52,0,30,0,508,8,7,1,8
32,14,moe,731,200,18,0,0,0,0,0,18,0,705,8,8,0,8
32,15,moe,565,177,3497,3242,3242,0,207,1,47,0,672,8,5,3,8
32,16,moe,977,204,2480,2328,2328,0,118,1,33,0,1178,8,6,2,8
32,17,moe,785,183,1150,1069,1069,0,53,0,28,0,458,8,7,1,8
32,18,moe,786,217,2898,2526,2526,0,320,1,51,0,528,8,5,3,8
32,19,moe,662,189,349,264,264,0,53,0,32,0,478,8,7,1,8
32,20,moe,832,206,1517,1363,1363,0,116,0,38,0,959,8,6,2,8
32,21,moe,854,210,1143,1056,1056,0,59,0,28,0,625,8,7,1,8
32,22,moe,833,101,2450,2275,2275,0,135,0,40,0,1376,8,6,2,8
32,23,moe,583,177,1886,1604,1604,0,232,1,49,0,945,8,5,3,8
32,24,moe,977,119,5340,4883,4883,0,360,0,97,0,546,8,3,5,8
32,25,moe,739,202,5044,4635,4635,0,337,0,72,0,543,8,3,5,8
32,26,moe,549,201,4706,4378,4379,0,270,0,57,0,916,8,4,4,8
32,-1,epi,0,0,0,0,0,0,0,0,4505,0,0,0,0,0,0
33,-2,pre,341,0,0,0,0,0,0,0,0,0,0,0,0,0,0
33,0,dense,1235,0,0,0,0,0,0,0,0,0,0,0,0,0,0
33,1,moe,727,200,5656,5171,5172,0,408,1,75,0,541,8,2,6,8
33,2,moe,749,201,3611,3364,3364,0,195,0,52,0,925,8,5,3,8
33,3,moe,625,169,4321,3930,3930,0,331,1,59,0,1060,8,3,5,8
33,4,moe,770,209,3386,3137,3137,0,197,0,52,0,724,8,5,3,8
33,5,moe,869,120,3486,3233,3233,0,186,0,67,0,519,8,5,3,8
33,6,moe,731,199,2273,2106,2106,0,130,0,37,0,1081,8,6,2,8
33,7,moe,777,142,1223,1139,1139,0,53,0,31,0,490,8,7,1,8
33,8,moe,733,197,2654,2505,2505,0,113,1,35,0,1174,8,6,2,8
33,9,moe,857,144,17,0,0,0,0,0,17,0,574,8,8,0,8
33,10,moe,846,97,1193,1109,1109,0,54,0,30,0,491,8,7,1,8
33,11,moe,539,197,1316,1236,1236,0,52,0,28,0,848,8,7,1,8
33,12,moe,733,200,1193,1102,1102,0,62,1,28,0,502,8,7,1,8
33,13,moe,762,213,3575,3340,3340,0,193,0,42,0,508,8,5,3,8
33,14,moe,732,196,2218,2065,2065,0,115,0,38,0,979,8,6,2,8
33,15,moe,674,190,3577,3336,3336,0,190,1,50,0,511,8,5,3,8
33,16,moe,748,189,2967,2676,2676,0,241,0,50,0,875,8,5,3,8
33,17,moe,828,164,1189,1108,1108,0,52,0,29,0,535,8,7,1,8
33,18,moe,849,135,1286,1201,1201,0,54,0,31,0,564,8,7,1,8
33,19,moe,548,191,6646,5909,5909,0,648,1,88,0,588,8,2,6,8
33,20,moe,906,143,3564,3307,3307,0,199,1,57,0,521,8,5,3,8
33,21,moe,741,218,2763,2445,2445,0,276,1,41,0,517,8,6,2,8
33,22,moe,797,182,4529,4127,4127,0,340,0,62,0,1129,8,3,5,8
33,23,moe,682,183,3096,2859,2859,0,186,0,51,0,512,8,5,3,8
33,24,moe,742,195,4091,3695,3695,0,340,0,56,0,1146,8,4,4,8
33,25,moe,885,108,5708,5269,5269,0,371,1,67,0,554,8,3,5,8
33,26,moe,578,198,5547,5145,5145,0,338,1,63,0,556,8,3,5,8
33,-1,epi,0,0,0,0,0,0,0,0,3504,0,0,0,0,0,0
34,-2,pre,377,0,0,0,0,0,0,0,0,0,0,0,0,0,0
34,0,dense,1339,0,0,0,0,0,0,0,0,0,0,0,0,0,0
34,1,moe,835,160,6113,5636,5636,0,393,1,83,0,857,8,2,6,8
34,2,moe,1224,245,2448,2290,2290,0,117,0,41,0,729,8,6,2,8
34,3,moe,697,277,9610,8962,8963,0,550,0,97,0,543,8,0,8,8
34,4,moe,730,204,5876,5458,5458,0,353,0,65,0,685,8,3,5,8
34,5,moe,933,136,1248,1157,1157,0,54,0,37,0,506,8,7,1,8
34,6,moe,929,222,3564,3321,3321,0,197,0,46,0,1031,8,5,3,8
34,7,moe,680,214,4235,3795,3795,0,376,1,63,0,473,8,4,4,8
34,8,moe,749,205,4851,4312,4312,0,476,0,63,0,546,8,4,4,8
34,9,moe,721,204,4742,4398,4399,0,281,0,62,0,881,8,4,4,8
34,10,moe,827,207,7116,6610,6610,0,425,1,80,0,1307,8,2,6,8
34,11,moe,883,336,4675,4354,4354,0,257,1,63,0,1538,8,4,4,8
34,12,moe,1196,231,4986,4658,4658,0,262,0,66,0,919,8,4,4,8
34,13,moe,1663,277,5891,5462,5462,0,360,0,69,0,878,8,3,5,8
34,14,moe,773,207,6942,6448,6448,0,409,1,84,0,593,8,2,6,8
34,15,moe,729,148,4846,4533,4533,0,254,1,58,0,1008,8,4,4,8
34,16,moe,788,220,4820,4505,4505,0,256,0,59,0,1554,8,4,4,8
34,17,moe,1495,195,4923,4448,4449,0,413,0,61,0,728,8,4,4,8
34,18,moe,776,207,6001,5397,5397,0,539,1,64,0,713,8,3,5,8
34,19,moe,720,152,5946,5524,5525,0,350,0,71,0,1201,8,3,5,8
34,20,moe,844,252,4870,4523,4523,0,285,0,62,0,980,8,4,4,8
34,21,moe,1517,215,4938,4545,4545,0,319,0,74,0,937,8,4,4,8
34,22,moe,1733,225,6632,5880,5880,0,677,1,74,0,903,8,3,5,8
34,23,moe,1086,262,4758,4399,4399,0,304,0,55,0,933,8,4,4,8
34,24,moe,1356,177,5831,5410,5410,0,356,0,65,0,1183,8,3,5,8
34,25,moe,753,170,3439,3136,3136,0,241,0,62,0,473,8,5,3,8
34,26,moe,698,181,6466,5988,5988,0,404,1,73,0,531,8,2,6,8
34,-1,epi,0,0,0,0,0,0,0,0,3447,0,0,0,0,0,0
